"OPEN 5.3.2"
"Tue Nov  9 2021 16:21:34"
"Unit="	"PSC-1342"
"ComputeList="	"/User/Configs/Comps/Default"
"BLCTable="	"/Sys/Lib/StdBLCTable"
"LightSource="	"6400-02B RedBlue #SI-1466"	1	0.16
"LogFormat="	"/User/Configs/LogFormats/Std Output"
"LogCodes="	-35	-21	-36	30	23	36	21	25	-33	-34	-32	-9	-10	-8	-1	-2	-4	-5	-14	-15	-7	-12	-13	-11	-65	-66	-72	-23
"PromptList="	"/User/Configs/Prompts/Default (none)"
"Stability= (CO2S 15s SLP<1)(H2OS 15s SLP<1)(Flow 15s SLP<1)"
"16:21:36 "
$STARTOFDATA$
"Obs"	"HHMMSS"	"FTime"	"Photo"	"Cond"	"Ci"	"Trmmol"	"VpdL"	"Area"	"StmRat"	"BLCond"	"Tair"	"Tleaf"	"TBlk"	"CO2R"	"CO2S"	"H2OR"	"H2OS"	"RH_R"	"RH_S"	"Flow"	"PARi"	"PARo"	"Press"	"CsMch"	"HsMch"	"StableF"	"Status"
1	"16:31:12"	602.0	15.8	0.0323	-373	0.856	2.6	2.3	1	4.46	22.33	22.04	22.14	420.68	413.26	0.200	0.593	0.73	2.17	499.7	400	1	98.8	-8.59	0.0803	0.7	111115	"PI5     "	"15                "	"c                                     "
2	"16:32:43"	693.0	6.04	0.0226	-21.1	0.614	2.66	2.3	1	4.46	22.49	22.34	22.31	420.44	417.54	0.193	0.475	0.70	1.72	499.7	399	1	98.79	-8.59	0.0803	1.0	111115	"PI2     "	"15                "	"c                                     "
3	"16:33:57"	767.0	22.9	0.17	175	4.05	2.41	2.3	1	4.46	22.57	21.75	22.42	420.15	408.86	0.187	2.049	0.67	7.37	499.7	399	1	98.79	-8.59	0.0803	0.7	111115	"CE1     "	"15                "	"c                                     "
4	"16:35:18"	848.0	13.3	0.0912	164	2.33	2.53	2.3	1	4.46	22.66	22.03	22.53	420.02	413.46	0.181	1.250	0.65	4.47	499.7	400	1	98.79	-8.59	0.0803	0.7	111115	"FR6     "	"15                "	"c                                     "
5	"16:36:26"	916.0	8.85	0.0478	106	1.27	2.62	2.3	1	4.46	22.74	22.28	22.61	419.90	415.58	0.174	0.760	0.62	2.71	499.7	400	1	98.79	-8.59	0.0803	0.7	111115	"PI9     "	"15                "	"c                                     "
6	"16:37:54"	1004.0	17.5	0.12	160	3.01	2.51	2.3	1	4.46	22.85	22.08	22.73	419.86	411.22	0.166	1.548	0.59	5.47	499.7	400	1	98.79	-8.59	0.0803	0.7	111115	"RE3     "	"15                "	"c                                     "
7	"16:39:05"	1074.5	29.7	0.11	-41.7	2.78	2.52	2.3	1	4.46	22.93	22.04	22.81	419.82	405.63	0.157	1.437	0.55	5.05	499.7	399	1	98.8	-8.59	0.0803	0.7	111115	"CE4     "	"15                "	"c                                     "
8	"16:40:53"	1182.5	1.27	0.018	289	0.504	2.74	2.3	1	4.46	23.07	22.76	22.96	419.67	418.99	0.150	0.381	0.52	1.33	499.9	400	1	98.8	-8.59	0.0803	1.0	111115	"FR1     "	"15                "	"c                                     "
9	"16:42:18"	1268.0	-0.0311	0.0104	405	0.296	2.78	2.3	1	4.46	23.18	22.93	23.07	419.57	419.53	0.139	0.275	0.48	0.95	499.8	399	1	98.79	-8.59	0.0803	0.7	111115	"PI18    "	"21                "	"e                                     "
10	"16:43:48"	1357.5	6.03	0.0569	231	1.56	2.7	2.3	1	4.46	23.31	22.80	23.21	419.63	416.55	0.134	0.852	0.46	2.93	499.9	401	1	98.79	-8.59	0.0803	0.7	111115	"CE7a    "	"21                "	"e                                     "
11	"16:44:56"	1425.5	1.34	0.0178	283	0.51	2.8	2.3	1	4.46	23.41	23.08	23.31	419.65	418.93	0.128	0.362	0.44	1.24	499.7	400	1	98.79	-8.59	0.0803	0.7	111115	"PI11    "	"21                "	"e                                     "
12	"16:46:14"	1503.5	0.737	0.0193	340	0.555	2.81	2.3	1	4.46	23.51	23.18	23.41	419.60	419.15	0.119	0.375	0.41	1.27	499.7	400	1	98.79	-8.59	0.0803	0.7	111115	"PI27    "	"21                "	"e                                     "
13	"16:47:34"	1583.5	3.32	0.028	213	0.812	2.84	2.3	1	4.46	23.59	23.39	23.50	419.61	417.93	0.113	0.487	0.38	1.65	499.7	400	1	98.79	-8.59	0.0803	0.7	111115	"FR12    "	"21                "	"e                                     "
