"OPEN 5.3.2"
"Sat Oct 16 2021 12:18:12"
"Unit="	"PSC-1342"
"ComputeList="	"/User/Configs/Comps/Default"
"BLCTable="	"/Sys/Lib/StdBLCTable"
"LightSource="	"6400-02B RedBlue #SI-1466"	1	0.16
"LogFormat="	"/User/Configs/LogFormats/horsenettle"
"LogCodes="	-35	-21	-36	30	23	36	21	25	-33	-34	-32	-9	-10	-8	-1	-2	-4	-5	-14	-15	-7	-12	-13	-11	-65	-66	-72	-23	-107	-108	-109
"PromptList="	"/User/Configs/Prompts/horsenettle prompts"
"Stability= (CO2S 15s SLP<1)(H2OS 15s SLP<1)(Flow 15s SLP<1)"
"12:18:13 "
$STARTOFDATA$
"Obs"	"HHMMSS"	"FTime"	"Photo"	"Cond"	"Ci"	"Trmmol"	"VpdL"	"Area"	"StmRat"	"BLCond"	"Tair"	"Tleaf"	"TBlk"	"CO2R"	"CO2S"	"H2OR"	"H2OS"	"RH_R"	"RH_S"	"Flow"	"PARi"	"PARo"	"Press"	"CsMch"	"HsMch"	"StableF"	"Status"	"ID"	"Block"	"Ramet"
1	"12:22:10"	253.0	1.94	0.0217	259	0.665	2.97	2.3	1	4.46	24.40	24.24	24.20	419.80	418.78	0.348	0.654	1.11	2.09	499.7	399	1	98.23	-10.3	0.102	1.0	111115	"CE8     "	"2                 "	"a                                     "
2	"12:24:54"	416.5	7.69	0.0157	-371	0.492	3.04	2.3	1	4.46	24.75	24.61	24.58	421.40	417.77	0.444	0.670	1.39	2.10	499.9	399	1	98.23	-10.3	0.102	1.0	111115	"PI21    "	"2                 "	"a                                     "
3	"12:26:36"	518.5	6.99	0.0903	275	2.65	2.89	2.3	1	4.46	24.91	24.36	24.77	421.36	417.64	0.507	1.724	1.57	5.35	499.6	392	1	98.23	-10.3	0.102	1.0	111115	"CE9     "	"2                 "	"a                                     "
4	"12:28:35"	637.5	19	0.0522	-182	1.59	2.98	2.3	1	4.46	25.09	24.61	24.96	421.40	412.33	0.576	1.308	1.77	4.02	499.7	401	1	98.23	-10.3	0.102	1.0	111115	"PI15    "	"2                 "	"a                                     "
5	"12:30:21"	743.5	25.4	0.0793	-121	2.37	2.94	2.3	1	4.46	25.23	24.61	25.11	419.70	407.55	0.632	1.720	1.93	5.24	499.6	400	1	98.23	-10.3	0.102	1.0	111115	"CE3     "	"2                 "	"a                                     "
6	"12:32:23"	866.5	15.6	0.0736	57.7	2.24	2.98	2.3	1	4.46	25.38	24.84	25.27	421.31	413.69	0.688	1.715	2.08	5.18	499.7	399	0	98.23	-10.3	0.102	0.7	111115	"FR1     "	"2                 "	"a                                     "
7	"12:34:47"	1010.0	13	0.0316	-250	1.01	3.1	2.3	1	4.46	25.54	25.18	25.44	421.35	415.19	0.744	1.206	2.23	3.61	499.7	400	1	98.23	-10.3	0.102	1.0	111115	"PI12    "	"3                 "	"a                                     "
8	"12:36:15"	1097.5	21.3	0.175	193	4.91	2.82	2.3	1	4.46	25.61	24.65	25.52	418.81	408.07	0.771	3.026	2.30	9.02	499.7	400	0	98.23	-10.3	0.102	0.7	111115	"RE3     "	"3                 "	"a                                     "
9	"12:38:10"	1212.5	26.8	0.129	54.8	3.76	2.89	2.3	1	4.46	25.70	24.78	25.63	418.69	405.65	0.804	2.531	2.38	7.50	499.7	400	1	98.24	-10.3	0.102	0.7	111115	"PI14    "	"3                 "	"a                                     "
10	"12:40:00"	1323.0	24.7	0.0658	-205	2.03	3.03	2.3	1	4.46	25.79	25.12	25.71	419.60	407.86	0.831	1.765	2.45	5.20	499.7	401	1	98.24	-10.3	0.102	0.7	111115	"OP8     "	"3                 "	"a                                     "
11	"12:42:20"	1463.0	18.8	0.0834	32.9	2.57	3.02	2.3	1	4.46	25.89	25.24	25.82	419.50	410.36	0.855	2.033	2.50	5.96	499.7	399	1	98.23	-10.3	0.102	0.7	111115	"PI27    "	"3                 "	"a                                     "
12	"12:48:58"	1861.5	13.6	0.0435	-100	1.42	3.18	2.3	1	4.46	26.25	25.77	26.18	419.48	412.94	0.896	1.548	2.57	4.44	499.6	399	1	98.23	-10.3	0.102	0.7	111115	"OP11    "	"8                 "	"b                                     "
13	"12:52:10"	2053.5	6.63	0.0123	-445	0.417	3.27	2.3	1	4.46	26.39	26.04	26.33	421.18	418.05	0.927	1.118	2.64	3.18	499.7	400	1	98.23	-10.3	0.102	1.0	111115	"PI30    "	"7                 "	"b                                     "
14	"12:54:31"	2194.0	10.4	0.0368	-50.2	1.21	3.19	2.3	1	4.46	26.47	25.82	26.42	421.18	416.15	0.932	1.487	2.64	4.21	499.8	400	1	98.23	-10.3	0.102	1.0	111115	"CE8     "	"7                 "	"b                                     "
15	"12:56:41"	2324.5	12.4	0.123	232	3.66	2.95	2.3	1	4.46	26.52	25.16	26.48	419.50	413.07	0.933	2.614	2.63	7.38	499.7	399	1	98.23	-10.3	0.102	0.7	111115	"CE2     "	"8                 "	"b                                     "
16	"12:58:32"	2435.0	11.9	0.0228	-419	0.757	3.21	2.3	1	4.46	26.57	25.82	26.52	421.13	415.53	0.928	1.276	2.61	3.59	499.6	399	1	98.22	-10.3	0.102	1.0	111115	"PI28    "	"8                 "	"b                                     "
17	"13:01:08"	2591.5	10.6	0.0251	-267	0.848	3.27	2.3	1	4.46	26.64	26.14	26.60	421.13	416.08	0.921	1.311	2.58	3.67	499.7	401	1	98.22	-10.3	0.102	1.0	111115	"PI13    "	"8                 "	"b                                     "
18	"13:02:58"	2702.0	11.8	0.0387	-87.7	1.29	3.24	2.3	1	4.46	26.69	26.07	26.65	419.46	413.77	0.917	1.509	2.56	4.22	499.6	400	1	98.22	-10.3	0.102	0.7	111115	"PI5     "	"8                 "	"b                                     "
19	"13:05:16"	2839.5	24.1	0.127	83.8	3.95	3.09	2.3	1	4.46	26.72	25.91	26.69	419.39	407.56	0.907	2.723	2.53	7.59	499.6	400	1	98.22	-10.3	0.102	1.0	111115	"CE3     "	"10                "	"b                                     "
20	"13:07:25"	2968.5	24.7	0.0672	-194	2.21	3.22	2.3	1	4.46	26.76	26.17	26.73	419.37	407.60	0.895	1.910	2.49	5.32	499.7	399	1	98.22	-10.3	0.102	1.0	111115	"FR11    "	"10                "	"b                                     "
21	"13:09:41"	3104.5	12.9	0.0266	-369	0.907	3.31	2.3	1	4.46	26.81	26.31	26.77	419.40	413.28	0.886	1.302	2.46	3.61	499.7	400	0	98.22	-10.3	0.102	1.0	111115	"OP8     "	"8                 "	"b                                     "
22	"13:11:55"	3239.0	7.03	0.00831	-926	0.29	3.37	2.3	1	4.46	26.85	26.45	26.81	419.41	416.12	0.864	0.997	2.39	2.76	499.7	399	1	98.22	-10.3	0.102	1.0	111115	"PI10    "	"10                "	"b                                     "
23	"13:13:55"	3358.5	11.7	0.0164	-720	0.571	3.36	2.3	1	4.46	26.90	26.48	26.86	419.47	413.98	0.850	1.112	2.35	3.07	499.7	399	1	98.22	-10.3	0.102	1.0	111115	"OP3     "	"10                "	"b                                     "
24	"13:16:31"	3514.5	33.7	0.116	-77.6	3.63	3.09	2.3	1	4.46	26.92	25.79	26.90	420.21	404.04	0.835	2.502	2.30	6.90	499.6	401	1	98.22	-10.3	0.102	0.7	111115	"CE4     "	"4                 "	"a                                     "
25	"13:18:37"	3640.5	24.8	0.0645	-220	2.1	3.18	2.3	1	4.46	26.93	25.92	26.91	420.19	408.38	0.820	1.784	2.26	4.92	499.6	399	1	98.22	-10.3	0.102	1.0	111115	"PI13    "	"4                 "	"a                                     "
26	"13:20:16"	3740.0	18.6	0.0412	-318	1.37	3.24	2.3	1	4.46	26.94	26.04	26.92	420.24	411.43	0.807	1.437	2.22	3.96	499.7	399	1	98.22	-10.3	0.102	0.7	111115	"PI19    "	"4                 "	"a                                     "
27	"13:22:49"	3893.0	24.4	0.0765	-116	2.48	3.18	2.3	1	4.46	26.93	25.96	26.92	420.17	408.48	0.789	1.927	2.17	5.31	499.6	399	1	98.22	-10.3	0.102	0.7	111115	"PI18    "	"4                 "	"a                                     "
28	"13:25:24"	4048.0	18.2	0.0507	-174	1.7	3.27	2.3	1	4.46	26.96	26.26	26.94	420.19	411.50	0.765	1.548	2.11	4.26	499.6	399	1	98.22	-10.3	0.102	1.0	111115	"OP9     "	"4                 "	"a                                     "
29	"13:27:04"	4148.0	27.7	0.116	6.53	3.64	3.1	2.3	1	4.46	26.95	25.81	26.94	420.14	406.71	0.749	2.422	2.06	6.67	499.7	401	1	98.22	-10.3	0.102	1.0	111115	"PI11    "	"4                 "	"a                                     "
30	"13:29:05"	4268.5	36.4	0.166	30.6	5.02	3.02	2.3	1	4.46	26.94	25.73	26.94	420.12	402.46	0.728	3.033	2.00	8.35	499.6	399	1	98.23	-10.3	0.102	0.7	111115	"OP7     "	"4                 "	"a                                     "
31	"13:31:01"	4385.0	16.1	0.133	197	4.17	3.12	2.3	1	4.46	26.94	26.03	26.93	420.15	411.94	0.712	2.627	1.96	7.23	499.7	397	1	98.23	-10.3	0.102	1.0	111115	"CE7a    "	"3                 "	"a                                     "
32	"13:33:06"	4510.0	27.7	0.121	19.5	3.81	3.12	2.3	1	4.46	26.95	25.93	26.93	420.04	406.56	0.687	2.434	1.89	6.70	499.6	400	1	98.23	-10.3	0.102	0.7	111115	"PI25    "	"3                 "	"a                                     "
33	"13:34:27"	4591.0	19.7	0.0372	-443	1.25	3.27	2.3	1	4.46	26.95	26.11	26.94	420.09	410.77	0.675	1.251	1.86	3.44	499.6	401	1	98.23	-10.3	0.102	0.7	111115	"PI30    "	"3                 "	"a                                     "
34	"13:36:59"	4742.5	15.5	0.0352	-301	1.21	3.34	2.3	1	4.46	26.99	26.42	26.97	420.04	412.67	0.652	1.208	1.79	3.32	499.6	399	1	98.24	-10.3	0.102	1.0	111115	"PI14    "	"8                 "	"b                                     "
35	"13:39:27"	4891.0	27.2	0.0686	-240	2.28	3.25	2.3	1	4.46	27.02	26.20	27.00	420.06	407.12	0.629	1.676	1.73	4.59	499.7	400	1	98.23	-10.3	0.102	1.0	111115	"PI27    "	"8                 "	"b                                     "
36	"13:40:50"	4974.0	23.7	0.0521	-329	1.76	3.29	2.3	1	4.46	27.03	26.25	27.01	419.95	408.69	0.612	1.419	1.68	3.89	499.6	400	1	98.24	-10.3	0.102	0.7	111115	"OP5     "	"10                "	"b                                     "
37	"13:42:38"	5081.5	12.3	0.0566	50.4	1.92	3.31	2.3	1	4.46	27.04	26.42	27.02	419.83	413.82	0.591	1.473	1.62	4.03	499.6	400	1	98.24	-10.3	0.102	0.7	111115	"FR2     "	"10                "	"b                                     "
38	"13:44:08"	5171.5	11.3	0.0493	30.6	1.67	3.3	2.3	1	4.46	27.05	26.29	27.03	419.91	414.37	0.574	1.341	1.57	3.67	499.7	435	1	98.24	-10.3	0.102	1.0	111115	"FR10    "	"10                "	"b                                     "
39	"13:45:36"	5260.0	21.3	0.0572	-200	1.92	3.29	2.3	1	4.46	27.07	26.28	27.05	419.82	409.63	0.559	1.443	1.53	3.95	499.7	400	1	98.24	-10.3	0.102	0.7	111115	"OP9     "	"10                "	"b                                     "
40	"13:47:12"	5356.0	25.3	0.0682	-200	2.25	3.24	2.3	1	4.46	27.07	26.10	27.05	419.82	407.73	0.542	1.578	1.48	4.31	499.7	401	1	98.24	-10.3	0.102	0.7	111115	"CE8     "	"16                "	"d                                     "
41	"13:49:10"	5473.5	12.6	0.0354	-168	1.22	3.36	2.3	1	4.46	27.08	26.47	27.06	419.83	413.79	0.519	1.082	1.42	2.95	499.7	399	1	98.23	-10.3	0.102	0.7	111115	"FR2     "	"16                "	"d                                     "
42	"13:51:38"	5622.0	25.3	0.0842	-88.1	2.76	3.22	2.3	1	4.46	27.11	26.09	27.09	421.43	409.25	0.499	1.767	1.36	4.82	499.7	400	1	98.23	-10.3	0.102	0.7	111115	"CE6     "	"16                "	"d                                     "
43	"13:53:20"	5724.0	28.5	0.0852	-144	2.79	3.22	2.3	1	4.46	27.13	26.11	27.10	421.50	407.84	0.482	1.765	1.31	4.81	499.7	401	1	98.23	-10.3	0.102	1.0	111115	"PI25    "	"16                "	"d                                     "
