"OPEN 5.3.2"
"Wed Sep 15 2021 15:52:09"
"Unit="	"PSC-1342"
"ComputeList="	"/User/Configs/Comps/Default"
"BLCTable="	"/Sys/Lib/StdBLCTable"
"LightSource="	"6400-02B RedBlue #SI-1466"	1	0.16
"LogFormat="	"/User/Configs/LogFormats/Std Output"
"LogCodes="	-35	-21	-36	30	23	36	21	25	-33	-34	-32	-9	-10	-8	-1	-2	-4	-5	-14	-15	-7	-12	-13	-11	-65	-66	-72	-23
"PromptList="	"/User/Configs/Prompts/Default (none)"
"Stability= (CO2S 15s SLP<1)(H2OS 15s SLP<1)(Flow 15s SLP<1)"
"15:52:11 "
$STARTOFDATA$
"Obs"	"HHMMSS"	"FTime"	"Photo"	"Cond"	"Ci"	"Trmmol"	"VpdL"	"Area"	"StmRat"	"BLCond"	"Tair"	"Tleaf"	"TBlk"	"CO2R"	"CO2S"	"H2OR"	"H2OS"	"RH_R"	"RH_S"	"Flow"	"PARi"	"PARo"	"Press"	"CsMch"	"HsMch"	"StableF"	"Status"
1	"15:56:40"	343.0	20.3	0.768	332	9.23	1.34	2.3	1	4.46	25.77	24.49	25.67	399.68	388.67	13.752	17.924	40.23	52.44	499.7	400	29	97.4	-4.58	-0.933	0.7	111115
2	"16:00:00"	542.5	12.8	0.262	300	4.64	1.78	2.3	1	4.46	26.25	25.86	26.15	399.77	393.02	13.990	16.090	39.78	45.75	499.7	399	28	97.39	-4.58	-0.933	1.0	111115
3	"16:02:12"	675.0	16.7	0.333	296	5.59	1.71	2.3	1	4.46	26.52	25.81	26.43	399.57	390.87	14.148	16.678	39.59	46.67	499.9	399	28	97.39	-4.58	-0.933	0.7	111115
4	"16:03:26"	749.0	57.2	0.105	-513	1.89	1.75	2.3	1	4.46	26.63	25.19	26.57	399.65	372.98	14.239	15.095	39.59	41.97	499.6	401	14	97.38	-4.58	-0.933	0.3	111115
5	"16:04:59"	842.0	15.2	0.467	325	7.41	1.66	2.3	1	4.46	26.81	26.06	26.74	399.54	391.21	14.360	17.709	39.52	48.73	499.6	411	76	97.38	-4.58	-0.933	1.0	111115
6	"16:07:12"	974.5	25.9	0.558	295	8.46	1.62	2.3	1	4.46	27.10	26.19	27.04	399.70	386.29	14.608	18.432	39.51	49.85	499.6	401	51	97.36	-4.58	-0.933	1.0	111115
7	"16:09:19"	1102.0	15.2	0.795	347	10.1	1.42	2.3	1	4.46	27.26	25.64	27.24	399.60	390.80	14.741	19.312	39.48	51.73	499.7	400	48	97.36	-4.58	-0.933	1.0	111115
8	"16:12:10"	1272.5	26.2	0.477	281	7.64	1.68	2.3	1	4.46	27.53	26.48	27.51	399.64	386.22	14.953	18.405	39.43	48.54	499.6	399	34	97.35	-4.58	-0.933	1.0	111115
9	"16:14:46"	1429.0	19.4	0.276	262	4.98	1.81	2.3	1	4.46	27.73	26.65	27.70	399.64	389.82	15.154	17.404	39.50	45.36	499.9	400	61	97.34	-4.58	-0.933	1.0	111115
10	"16:16:45"	1547.5	27.8	1.03	325	11.9	1.35	2.3	1	4.46	27.81	25.91	27.82	399.62	384.73	15.256	20.630	39.56	53.49	499.6	399	36	97.34	-4.58	-0.933	0.7	111115
11	"16:18:44"	1666.5	14.7	0.426	322	6.78	1.65	2.3	1	4.46	27.92	26.34	27.93	399.79	391.79	15.349	18.412	39.54	47.44	499.6	401	33	97.33	-4.58	-0.933	1.0	111115
12	"16:20:54"	1797.0	16.6	0.156	207	3.2	2.01	2.3	1	4.46	28.04	27.35	28.04	399.84	391.64	15.481	16.927	39.61	43.31	499.6	401	52	97.33	-4.58	-0.933	1.0	111115
"OPEN 5.3.2"
"Wed Sep 15 2021 17:14:36"
"Unit="	"PSC-1342"
"ComputeList="	"/User/Configs/Comps/Default"
"BLCTable="	"/Sys/Lib/StdBLCTable"
"LightSource="	"6400-02B RedBlue #SI-1466"	1	0.16
"LogFormat="	"/User/Configs/LogFormats/Std Output"
"LogCodes="	-35	-21	-36	30	23	36	21	25	-33	-34	-32	-9	-10	-8	-1	-2	-4	-5	-14	-15	-7	-12	-13	-11	-65	-66	-72	-23
"PromptList="	"/User/Configs/Prompts/horsenettle prompts"
"Stability= (CO2S 15s SLP<1)(H2OS 15s SLP<1)(Flow 15s SLP<1)"
"17:14:43 problems"
$STARTOFDATA$
"Obs"	"HHMMSS"	"FTime"	"Photo"	"Cond"	"Ci"	"Trmmol"	"VpdL"	"Area"	"StmRat"	"BLCond"	"Tair"	"Tleaf"	"TBlk"	"CO2R"	"CO2S"	"H2OR"	"H2OS"	"RH_R"	"RH_S"	"Flow"	"PARi"	"PARo"	"Press"	"CsMch"	"HsMch"	"StableF"	"Status"
1	"17:16:44"	150.5	28.7	0.0688	-290	1.33	1.85	2.3	1	4.46	28.99	28.22	29.00	400.34	386.91	19.896	20.495	48.15	49.60	499.7	401	31	97.26	96	-0.866	1.0	111115
2	"17:18:59"	285.5	61.7	0.379	86	5.57	1.5	2.3	1	4.46	28.97	27.63	28.98	400.10	370.76	20.236	22.741	49.04	55.11	499.7	399	52	97.26	96	-0.866	0.3	111115
3	"17:33:10"	1135.0	17.4	0.0317	-494	0.59	1.77	2.3	1	4.46	29.30	28.50	29.36	399.24	391.11	21.745	22.010	51.67	52.30	500.0	401	83	97.24	-138	-0.856	0.7	111115
