"OPEN 5.3.2"
"Thr Sep 16 2021 11:38:06"
"Unit="	"PSC-1342"
"ComputeList="	"/User/Configs/Comps/Default"
"BLCTable="	"/Sys/Lib/StdBLCTable"
"LightSource="	"6400-02B RedBlue #SI-1466"	1	0.16
"LogFormat="	"/User/Configs/LogFormats/Std Output"
"LogCodes="	-35	-21	-36	30	23	36	21	25	-33	-34	-32	-9	-10	-8	-1	-2	-4	-5	-14	-15	-7	-12	-13	-11	-65	-66	-72	-23
"PromptList="	"/User/Configs/Prompts/horsenettle prompts"
"Stability= (CO2S 15s SLP<1)(H2OS 15s SLP<1)(Flow 15s SLP<1)"
"11:38:28 failedyesterday "
$STARTOFDATA$
"Obs"	"HHMMSS"	"FTime"	"Photo"	"Cond"	"Ci"	"Trmmol"	"VpdL"	"Area"	"StmRat"	"BLCond"	"Tair"	"Tleaf"	"TBlk"	"CO2R"	"CO2S"	"H2OR"	"H2OS"	"RH_R"	"RH_S"	"Flow"	"PARi"	"PARo"	"Press"	"CsMch"	"HsMch"	"StableF"	"Status"
1	"11:40:00"	140.5	5.38	0.0122	-310	0.324	2.53	2.3	1	4.46	23.20	22.94	23.09	400.09	397.55	2.689	2.838	9.13	9.63	499.7	400	0	96.89	-4.06	0.14	1.0	111115
2	"11:42:03"	263.0	9.84	0.0433	20.2	1.11	2.48	2.3	1	4.46	23.31	22.83	23.22	400.06	395.33	2.733	3.244	9.22	10.94	499.7	399	1	96.88	-4.06	0.14	0.7	111115
3	"11:43:52"	372.5	23.8	0.12	56.2	2.88	2.34	2.3	1	4.46	23.38	22.53	23.32	400.12	388.64	2.783	4.105	9.34	13.78	499.7	399	0	96.88	-4.06	0.14	1.0	111115
4	"11:46:58"	558.5	18.7	0.161	188	3.79	2.32	2.3	1	4.46	23.52	22.66	23.46	400.16	390.87	2.872	4.606	9.56	15.34	499.7	399	0	96.87	-4.06	0.14	0.7	111115
5	"11:49:10"	690.5	6.29	0.0272	16.3	0.722	2.55	2.3	1	4.46	23.66	23.25	23.60	400.17	397.14	2.937	3.268	9.69	10.79	499.7	399	0	96.87	-4.06	0.14	0.7	111115
6	"11:51:15"	815.5	21.4	0.142	132	3.44	2.37	2.3	1	4.46	23.81	22.99	23.75	400.32	389.86	3.006	4.581	9.84	14.99	499.7	401	0	96.87	-4.06	0.14	0.7	111115
7	"11:53:44"	964.5	16.9	0.124	156	3.04	2.4	2.3	1	4.46	23.99	23.10	23.93	398.55	390.23	3.090	4.483	10.00	14.51	499.7	401	1	96.87	-4.06	0.14	1.0	111115
8	"11:56:10"	1110.0	15.6	0.112	154	2.8	2.44	2.3	1	4.46	24.17	23.29	24.12	400.21	392.52	3.180	4.463	10.18	14.29	499.7	401	0	96.86	-4.06	0.14	0.7	111115
9	"11:58:28"	1249.0	16.5	0.0668	-17.1	1.77	2.56	2.3	1	4.46	24.38	23.76	24.32	398.56	390.66	3.266	4.076	10.32	12.89	499.7	400	0	96.85	-4.06	0.14	0.7	111115
10	"12:00:27"	1367.5	15	0.0776	68.3	2.06	2.57	2.3	1	4.46	24.55	23.93	24.49	400.11	392.82	3.345	4.288	10.47	13.42	499.7	400	0	96.85	-4.06	0.14	0.7	111115
11	"12:03:02"	1522.5	10.5	0.0349	-97	0.973	2.67	2.3	1	4.46	24.78	24.29	24.71	400.13	395.11	3.442	3.888	10.62	12.00	499.7	400	0	96.83	-4.06	0.14	1.0	111115
12	"12:05:14"	1654.5	23.8	0.124	64	3.22	2.54	2.3	1	4.46	24.95	24.14	24.89	400.00	388.45	3.529	5.003	10.78	15.28	499.7	401	0	96.84	-4.06	0.14	0.3	111115
13	"12:07:07"	1767.5	14.5	0.122	185	3.13	2.52	2.3	1	4.46	25.07	24.04	25.02	400.10	392.85	3.597	5.032	10.91	15.26	499.7	399	0	96.84	-4.06	0.14	0.7	111115
14	"12:10:05"	1946.0	32.1	0.129	-33.4	3.38	2.57	2.3	1	4.46	25.27	24.45	25.22	398.46	383.07	3.700	5.250	11.09	15.73	499.7	399	0	96.84	-4.06	0.14	0.7	111115
15	"12:11:51"	2052.0	22.4	0.07	-135	1.96	2.7	2.3	1	4.46	25.39	24.83	25.33	400.08	389.42	3.770	4.666	11.22	13.89	499.7	401	0	96.83	-4.06	0.14	0.7	111115
16	"12:14:31"	2211.5	22.6	0.0782	-87	2.16	2.67	2.3	1	4.46	25.51	24.80	25.46	400.03	389.24	3.860	4.850	11.40	14.33	499.7	401	1	96.83	-4.06	0.14	0.7	111115
17	"12:16:55"	2356.0	25.9	0.112	2.18	3.02	2.62	2.3	1	4.46	25.65	24.74	25.60	399.95	387.47	3.949	5.332	11.57	15.62	499.6	401	0	96.82	-4.06	0.14	0.7	111115
18	"12:18:57"	2478.0	25.2	0.121	36.7	3.27	2.64	2.3	1	4.46	25.75	24.97	25.70	399.98	387.81	4.015	5.510	11.70	16.05	499.7	401	0	96.82	-4.06	0.14	0.7	111115
19	"12:20:39"	2580.0	16.4	0.0925	91.6	2.57	2.69	2.3	1	4.46	25.82	25.08	25.78	399.87	391.84	4.059	5.234	11.77	15.18	499.7	399	0	96.82	-4.06	0.14	0.7	111115
20	"12:22:44"	2704.5	26.5	0.124	29.7	3.37	2.64	2.3	1	4.46	25.88	25.03	25.85	399.91	387.13	4.110	5.650	11.88	16.33	499.7	399	0	96.82	-4.06	0.14	0.7	111115
21	"12:25:04"	2845.0	27.5	0.134	41.2	3.62	2.64	2.3	1	4.46	25.94	25.10	25.92	399.85	386.56	4.154	5.810	11.97	16.73	499.7	399	0	96.82	-4.06	0.14	0.7	111115
22	"12:27:49"	3010.0	29.6	0.141	32.1	3.71	2.58	2.3	1	4.46	26.04	24.84	26.03	399.76	385.50	4.209	5.908	12.05	16.91	499.7	399	1	96.82	-4.06	0.14	0.7	111115
23	"12:29:55"	3136.0	18.9	0.0707	-50.3	2.03	2.77	2.3	1	4.46	26.11	25.47	26.09	399.73	390.67	4.253	5.182	12.13	14.78	499.7	401	1	96.82	-4.06	0.14	0.7	111115
24	"12:32:02"	3262.5	24.8	0.103	-12.1	2.87	2.7	2.3	1	4.46	26.16	25.33	26.15	399.63	387.72	4.292	5.606	12.20	15.93	499.7	400	0	96.82	-4.06	0.14	0.7	111115
25	"12:34:59"	3439.0	17.3	0.0476	-199	1.39	2.8	2.3	1	4.46	26.23	25.51	26.21	399.70	391.49	4.336	4.972	12.27	14.07	499.7	399	0	96.8	-4.06	0.14	0.7	111115
26	"12:36:51"	3551.5	25.8	0.0857	-107	2.45	2.77	2.3	1	4.46	26.27	25.61	26.25	401.33	389.02	4.360	5.483	12.31	15.48	499.7	400	1	96.8	-4.06	0.14	0.7	111115
27	"12:39:01"	3682.0	18.5	0.0689	-52.1	1.96	2.74	2.3	1	4.46	26.26	25.37	26.25	399.64	390.78	4.391	5.287	12.40	14.93	499.7	401	0	96.79	-4.06	0.14	0.7	111115
28	"12:41:06"	3807.0	11	0.411	333	8.72	2.2	2.3	1	4.46	26.27	24.10	26.28	399.65	392.98	4.423	8.405	12.49	23.73	499.7	401	0	96.79	-4.06	0.14	1.0	111115
29	"12:43:33"	3954.0	36.9	0.193	56.1	5.08	2.61	2.3	1	4.46	26.29	25.45	26.30	401.34	383.46	4.462	6.785	12.58	19.13	499.7	401	0	96.79	-4.06	0.14	0.7	111115
30	"12:45:10"	4050.5	20.4	0.102	53.9	2.89	2.74	2.3	1	4.46	26.35	25.63	26.35	399.67	389.75	4.490	5.812	12.62	16.33	499.7	400	0	96.8	-4.06	0.14	0.7	111115
31	"12:46:43"	4143.5	12.2	0.0498	-11.5	1.46	2.82	2.3	1	4.46	26.39	25.72	26.38	399.65	393.76	4.515	5.185	12.66	14.53	499.6	401	0	96.8	-4.06	0.14	0.7	111115
32	"12:49:05"	4286.0	13.3	0.0553	-4.91	1.63	2.83	2.3	1	4.46	26.43	25.85	26.41	399.67	393.24	4.551	5.298	12.73	14.82	499.6	400	0	96.8	-4.06	0.14	1.0	111115
33	"12:51:22"	4423.0	17.4	0.127	154	3.54	2.71	2.3	1	4.46	26.50	25.69	26.46	399.57	390.91	4.583	6.201	12.77	17.27	499.7	400	0	96.79	-4.06	0.14	0.7	111115
34	"12:53:20"	4540.5	17.8	0.0474	-221	1.4	2.83	2.3	1	4.46	26.50	25.80	26.49	399.58	391.12	4.605	5.244	12.82	14.60	499.7	400	0	96.8	-4.06	0.14	1.0	111115
35	"12:55:33"	4674.0	22.1	0.11	52.1	3.09	2.73	2.3	1	4.46	26.55	25.68	26.54	399.50	388.79	4.629	6.045	12.86	16.79	499.6	400	0	96.8	-4.06	0.14	0.7	111115
36	"12:57:41"	4801.5	18.9	0.0998	70.9	2.81	2.73	2.3	1	4.46	26.56	25.66	26.56	399.58	390.37	4.658	5.944	12.92	16.49	499.7	400	0	96.8	-4.06	0.14	0.7	111115
37	"12:59:33"	4913.5	12.9	0.0375	-166	1.13	2.89	2.3	1	4.46	26.60	26.10	26.59	399.46	393.33	4.681	5.200	12.96	14.40	499.7	400	0	96.8	-4.06	0.14	0.7	111115
