"OPEN 5.3.2"
"Tue Oct 19 2021 13:49:55"
"Unit="	"PSC-1342"
"ComputeList="	"/User/Configs/Comps/Default"
"BLCTable="	"/Sys/Lib/StdBLCTable"
"LightSource="	"6400-02B RedBlue #SI-1466"	1	0.16
"LogFormat="	"/User/Configs/LogFormats/horsenettle"
"LogCodes="	-35	-21	-36	30	23	36	21	25	-33	-34	-32	-9	-10	-8	-1	-2	-4	-5	-14	-15	-7	-12	-13	-11	-65	-66	-72	-23	-107	-108	-109
"PromptList="	"/User/Configs/Prompts/horsenettle prompts"
"Stability= (CO2S 15s SLP<1)(H2OS 15s SLP<1)(Flow 15s SLP<1)"
"13:49:57 "
$STARTOFDATA$
"Obs"	"HHMMSS"	"FTime"	"Photo"	"Cond"	"Ci"	"Trmmol"	"VpdL"	"Area"	"StmRat"	"BLCond"	"Tair"	"Tleaf"	"TBlk"	"CO2R"	"CO2S"	"H2OR"	"H2OS"	"RH_R"	"RH_S"	"Flow"	"PARi"	"PARo"	"Press"	"CsMch"	"HsMch"	"StableF"	"Status"	"ID"	"Block"	"Ramet"
1	"13:51:58"	146.5	9.33	0.0352	-20.2	1.05	2.89	2.3	1	4.46	23.91	23.56	23.78	420.03	415.54	-0.247	0.235	-0.81	0.77	499.7	400	1	98.12	-8.9	0.105	1.0	111115	"PI13    "	"4                 "	"a                                     "
2	"13:53:35"	244.0	19.8	0.0944	57.8	2.65	2.77	2.3	1	4.46	23.98	23.27	23.87	419.86	410.25	-0.224	0.994	-0.73	3.26	499.8	400	1	98.12	-8.9	0.105	0.7	111115	"CE4     "	"4                 "	"a                                     "
3	"13:55:17"	346.0	6.38	0.0299	62.7	0.904	2.94	2.3	1	4.46	24.08	23.80	23.97	420.11	417.00	-0.204	0.213	-0.66	0.69	499.7	400	0	98.11	-8.9	0.105	1.0	111115	"PI19    "	"4                 "	"a                                     "
4	"13:56:32"	420.5	6.43	0.0423	158	1.27	2.92	2.3	1	4.46	24.20	23.79	24.09	419.97	416.77	-0.175	0.408	-0.57	1.32	499.7	399	1	98.11	-8.9	0.105	0.7	111115	"PI18    "	"4                 "	"a                                     "
5	"13:58:11"	520.0	10.7	0.096	218	2.67	2.74	2.3	1	4.46	24.39	23.17	24.27	419.93	414.49	-0.131	1.095	-0.42	3.50	499.7	400	1	98.11	-8.9	0.105	0.7	111115	"OP9     "	"4                 "	"a                                     "
6	"13:59:35"	604.0	12.9	0.0725	113	2.12	2.87	2.3	1	4.46	24.51	23.81	24.39	420.08	413.74	-0.102	0.874	-0.32	2.78	499.7	401	1	98.12	-8.9	0.105	0.7	111115	"PI11    "	"4                 "	"a                                     "
7	"14:00:53"	682.5	9.81	0.047	67.1	1.43	2.97	2.3	1	4.46	24.62	24.15	24.50	420.22	415.44	-0.081	0.577	-0.25	1.82	499.6	400	1	98.12	-8.9	0.105	0.7	111115	"PI11    "	"4                 "	"a                                     "
8	"14:02:39"	788.0	29.7	0.184	125	5	2.74	2.3	1	4.46	24.77	23.81	24.66	420.05	405.43	-0.046	2.252	-0.14	7.04	499.7	400	1	98.12	-8.9	0.105	0.7	111115	"CE7a    "	"3                 "	"a                                     "
9	"14:04:08"	877.0	15.5	0.0656	17.9	2	2.98	2.3	1	4.46	24.87	24.41	24.77	420.05	412.51	-0.020	0.898	-0.06	2.79	499.7	401	1	98.12	-8.9	0.105	0.7	111115	"PI25    "	"3                 "	"a                                     "
10	"14:05:28"	957.0	11.4	0.0394	-62	1.23	3.04	2.3	1	4.46	24.92	24.56	24.83	420.07	414.58	-0.001	0.565	-0.00	1.75	499.7	401	0	98.12	-8.9	0.105	0.7	111115	"PI30    "	"3                 "	"a                                     "
11	"14:07:00"	1049.5	7.5	0.0283	-19.5	0.889	3.05	2.3	1	4.46	24.95	24.52	24.88	420.01	416.39	0.014	0.423	0.04	1.31	499.8	399	0	98.11	-8.9	0.105	0.7	111115	"PI14    "	"8                 "	"b                                     "
12	"14:08:16"	1125.5	6.24	0.0169	-183	0.538	3.09	2.3	1	4.46	24.95	24.65	24.88	419.89	416.92	0.024	0.272	0.07	0.84	499.7	399	1	98.11	-8.9	0.105	0.7	111115	"PI27    "	"8                 "	"b                                     "
13	"14:09:31"	1200.0	13.4	0.0387	-151	1.2	3.01	2.3	1	4.46	24.97	24.41	24.91	419.88	413.49	0.033	0.584	0.10	1.80	499.7	399	1	98.11	-8.9	0.105	0.7	111115	"FR2     "	"10                "	"b                                     "
14	"14:11:07"	1296.0	11.2	0.0324	-148	1.02	3.05	2.3	1	4.46	24.99	24.58	24.93	419.87	414.54	0.041	0.508	0.13	1.57	499.7	399	1	98.1	-8.9	0.105	0.7	111115	"OP5     "	"10                "	"b                                     "
15	"14:12:31"	1380.5	9.29	0.0252	-184	0.79	3.05	2.3	1	4.46	24.98	24.51	24.93	419.89	415.46	0.045	0.409	0.14	1.26	499.7	399	1	98.1	-8.9	0.105	0.7	111115	"OP9     "	"10                "	"b                                     "
16	"14:13:48"	1457.5	7.76	0.053	165	1.62	2.99	2.3	1	4.46	24.97	24.38	24.92	419.95	416.07	0.050	0.796	0.15	2.46	499.7	401	1	98.11	-8.9	0.105	0.7	111115	"FR10    "	"10                "	"b                                     "
17	"14:15:10"	1538.5	7.43	0.0796	248	2.37	2.92	2.3	1	4.46	24.95	24.23	24.91	419.94	416.07	0.050	1.139	0.16	3.52	499.6	399	1	98.11	-8.9	0.105	0.7	111115	"CE8     "	"16                "	"d                                     "
18	"14:16:34"	1623.5	7.68	0.0293	-15.8	0.915	3.03	2.3	1	4.46	24.94	24.46	24.90	419.85	416.14	0.051	0.472	0.16	1.46	499.7	399	0	98.11	-8.9	0.105	0.7	111115	"FR2     "	"16                "	"d                                     "
19	"14:17:38"	1687.5	7.74	0.0209	-185	0.659	3.06	2.3	1	4.46	24.92	24.53	24.87	419.83	416.14	0.050	0.353	0.15	1.09	499.7	399	1	98.1	-8.9	0.105	0.7	111115	"PI25    "	"16                "	"d                                     "
20	"14:18:55"	1764.5	12.9	0.0813	143	2.41	2.91	2.3	1	4.46	24.94	24.16	24.89	419.74	413.36	0.051	1.159	0.16	3.59	499.7	400	1	98.11	-8.9	0.105	0.7	111115	"CE6     "	"16                "	"d                                     "
21	"14:20:05"	1834.0	15	0.0619	10.6	1.87	2.96	2.3	1	4.46	25.01	24.28	24.94	419.84	412.59	0.058	0.919	0.18	2.83	499.7	400	1	98.1	-8.9	0.105	0.7	111115	"FR10    "	"5                 "	"a                                     "
22	"14:21:33"	1922.0	9.23	0.059	148	1.81	3	2.3	1	4.46	25.13	24.50	25.04	419.98	415.39	0.074	0.906	0.23	2.77	499.8	400	1	98.1	-8.9	0.105	0.7	111115	"CE5     "	"5                 "	"a                                     "
23	"14:22:56"	2005.0	14	0.0397	-161	1.25	3.06	2.3	1	4.46	25.19	24.72	25.10	420.15	413.48	0.088	0.662	0.27	2.02	499.7	400	1	98.09	-8.9	0.105	0.7	111115	"FR11    "	"5                 "	"a                                     "
24	"14:24:25"	2094.0	16.2	0.0574	-52.8	1.78	3.03	2.3	1	4.46	25.27	24.70	25.18	419.83	412.05	0.100	0.920	0.30	2.79	499.7	399	1	98.1	-8.9	0.105	0.7	111115	"OP2     "	"5                 "	"a                                     "
25	"14:25:46"	2175.0	22.5	0.182	191	4.97	2.74	2.3	1	4.46	25.32	23.86	25.26	419.85	408.55	0.112	2.394	0.34	7.25	499.6	401	1	98.1	-8.9	0.105	0.3	111115	"FR6     "	"5                 "	"a                                     "
26	"14:27:01"	2250.5	15.3	0.0604	-8.33	1.88	3.04	2.3	1	4.46	25.38	24.77	25.31	419.66	412.26	0.126	0.989	0.38	2.98	499.7	400	0	98.1	-8.9	0.105	0.7	111115	"PI3     "	"4                 "	"a                                     "
27	"14:28:39"	2347.5	35.7	0.198	92.2	5.43	2.76	2.3	1	4.46	25.41	24.13	25.35	420.07	402.62	0.138	2.632	0.41	7.92	499.8	400	0	98.09	-8.9	0.105	0.7	111115	"CE10    "	"4                 "	"a                                     "
28	"14:29:54"	2423.5	16.6	0.0982	122	2.92	2.93	2.3	1	4.46	25.42	24.46	25.37	419.88	411.66	0.148	1.489	0.44	4.48	499.7	400	1	98.11	-8.9	0.105	0.7	111115	"CE11    "	"4                 "	"a                                     "
29	"14:30:59"	2488.5	27.8	0.195	156	5.42	2.79	2.3	1	4.46	25.38	24.31	25.35	419.50	405.67	0.153	2.639	0.46	7.96	499.7	401	1	98.1	-8.9	0.105	0.7	111115	"PI5     "	"4                 "	"a                                     "
30	"14:32:16"	2565.0	15	0.118	190	3.38	2.83	2.3	1	4.46	25.35	24.03	25.33	419.67	412.13	0.153	1.704	0.46	5.15	499.7	399	1	98.11	-8.9	0.105	0.7	111115	"FR8     "	"5                 "	"a                                     "
31	"14:33:29"	2638.0	21.5	0.0863	-5.08	2.59	2.95	2.3	1	4.46	25.35	24.50	25.32	419.82	409.45	0.153	1.344	0.46	4.06	499.7	400	1	98.11	-8.9	0.105	0.7	111115	"OP6     "	"5                 "	"a                                     "
32	"14:34:43"	2712.5	17.3	0.0956	104	2.88	2.97	2.3	1	4.46	25.34	24.65	25.31	419.76	411.27	0.156	1.481	0.47	4.48	499.7	400	1	98.1	-8.9	0.105	0.7	111115	"FR5     "	"5                 "	"a                                     "
33	"14:35:58"	2787.0	17.2	0.0693	-0.171	2.11	2.98	2.3	1	4.46	25.31	24.53	25.28	419.75	411.45	0.155	1.125	0.47	3.41	499.7	400	1	98.11	-8.9	0.105	0.7	111115	"PI2     "	"5                 "	"a                                     "
34	"14:37:38"	2887.0	6.63	0.022	-76	0.7	3.08	2.3	1	4.46	25.29	24.73	25.25	419.85	416.66	0.151	0.473	0.46	1.43	499.7	400	1	98.11	-8.9	0.105	0.7	111115	"PI30    "	"16                "	"d                                     "
35	"14:38:49"	2958.5	17.5	0.124	167	3.59	2.86	2.3	1	4.46	25.29	24.22	25.25	419.65	410.91	0.148	1.796	0.45	5.45	499.7	400	1	98.11	-8.9	0.105	0.7	111115	"CE2     "	"16                "	"d                                     "
36	"14:40:04"	3033.0	15.3	0.0415	-187	1.3	3.04	2.3	1	4.46	25.31	24.65	25.27	419.79	412.52	0.147	0.743	0.45	2.25	499.7	401	1	98.1	-8.9	0.105	0.7	111115	"PI21    "	"16                "	"d                                     "
37	"14:41:43"	3132.5	10.8	0.0668	139	2.05	3.01	2.3	1	4.46	25.30	24.67	25.26	419.85	414.48	0.148	1.093	0.45	3.31	499.7	400	0	98.11	-8.9	0.105	0.7	111115	"CE11    "	"16                "	"d                                     "
38	"14:43:12"	3221.0	11.6	0.0467	3.72	1.47	3.07	2.3	1	4.46	25.30	24.84	25.26	419.82	414.22	0.148	0.823	0.45	2.49	499.7	400	1	98.1	-8.9	0.105	0.7	111115	"PI11    "	"17                "	"d                                     "
39	"14:44:19"	3288.0	15.5	0.048	-117	1.51	3.06	2.3	1	4.46	25.31	24.80	25.26	419.85	412.41	0.146	0.839	0.44	2.54	499.6	401	0	98.1	-8.9	0.105	0.7	111115	"PI19    "	"17                "	"d                                     "
40	"14:46:11"	3400.5	17	0.103	129	3.03	2.91	2.3	1	4.46	25.31	24.35	25.27	419.76	411.38	0.149	1.540	0.45	4.66	499.7	399	1	98.1	-8.9	0.105	1.0	111115	"FR8     "	"18                "	"d                                     "
41	"14:47:29"	3478.5	16.4	0.16	227	4.47	2.8	2.3	1	4.46	25.32	24.10	25.28	419.74	411.34	0.151	2.206	0.46	6.68	499.7	399	1	98.11	-8.9	0.105	0.7	111115	"CE7b    "	"18                "	"d                                     "
42	"14:48:50"	3559.5	7.33	0.0452	140	1.42	3.07	2.3	1	4.46	25.35	24.85	25.30	419.80	416.15	0.158	0.813	0.48	2.46	499.7	399	1	98.11	-8.9	0.105	0.7	111115	"PI9     "	"18                "	"d                                     "
43	"14:50:52"	3681.0	10.2	0.138	277	3.96	2.85	2.3	1	4.46	25.34	24.27	25.30	419.78	414.32	0.164	1.982	0.50	5.99	499.7	400	1	98.12	-8.9	0.105	0.7	111115	"CE10    "	"18                "	"d                                     "
