"OPEN 5.3.2"
"Mon Oct 25 2021 11:45:22"
"Unit="	"PSC-1342"
"ComputeList="	"/User/Configs/Comps/Default"
"BLCTable="	"/Sys/Lib/StdBLCTable"
"LightSource="	"6400-02B RedBlue #SI-1466"	1	0.16
"LogFormat="	"/User/Configs/LogFormats/horsenettle loglist"
"LogCodes="	-35	-21	-36	30	23	36	21	25	-33	-34	-32	-9	-10	-8	-1	-2	-4	-5	-14	-15	-7	-12	-13	-11	-65	-66	-72	-23	-107	-107	-108
"PromptList="	"/User/Configs/Prompts/horsenettle prompts"
"Stability= (CO2S 15s SLP<1)(H2OS 15s SLP<1)(Flow 15s SLP<1)"
"11:45:23 "
$STARTOFDATA$
"Obs"	"HHMMSS"	"FTime"	"Photo"	"Cond"	"Ci"	"Trmmol"	"VpdL"	"Area"	"StmRat"	"BLCond"	"Tair"	"Tleaf"	"TBlk"	"CO2R"	"CO2S"	"H2OR"	"H2OS"	"RH_R"	"RH_S"	"Flow"	"PARi"	"PARo"	"Press"	"CsMch"	"HsMch"	"StableF"	"Status"	"ID"	"ID"	"Block"
1	"11:48:07"	179.5	7.16	0.0296	19.2	0.746	2.47	2.3	1	4.46	21.03	20.90	20.85	420.46	417.02	-0.276	0.067	-1.09	0.26	499.7	401	0	98.73	-9.69	0.0837	0.7	111115	"OP7     "	"OP7     "	"20                "
2	"11:50:27"	320.0	26.3	0.301	254	6.87	2.36	1.15	1	4.86	21.38	20.95	21.19	420.61	413.92	-0.270	1.309	-1.04	5.06	499.7	400	1	98.73	-9.69	0.0837	0.7	111115	"RE5     "	"RE5     "	"18                "
3	"11:52:39"	452.0	9.05	0.0634	173	1.61	2.51	2.3	1	4.46	21.79	21.40	21.58	420.47	416.00	-0.245	0.496	-0.92	1.87	499.7	399	1	98.73	-9.69	0.0837	1.0	111115	"FR12    "	"FR12    "	"19                "
4	"11:54:19"	552.0	6.59	0.0327	81.5	0.881	2.65	2.3	1	4.46	22.13	22.07	21.91	420.38	417.18	-0.217	0.189	-0.80	0.70	499.7	400	1	98.74	-9.69	0.0837	1.0	111115	"PI14    "	"PI14    "	"19                "
5	"11:56:03"	655.5	2.91	0.0934	352	2.39	2.54	2.3	1	4.46	22.32	21.85	22.14	420.22	418.42	-0.198	0.900	-0.72	3.28	499.7	400	1	98.73	-9.69	0.0837	0.7	111115	"CE3     "	"CE3     "	"19                "
6	"11:57:40"	752.5	10.5	0.0456	34.9	1.23	2.64	2.3	1	4.46	22.49	22.16	22.32	420.23	415.18	-0.190	0.374	-0.69	1.35	499.7	401	1	98.73	-9.69	0.0837	1.0	111115	"FR11    "	"FR11    "	"19                "
7	"11:59:13"	845.5	17.2	0.0852	72.7	2.19	2.55	2.3	1	4.46	22.60	21.85	22.46	420.14	411.79	-0.186	0.819	-0.67	2.94	499.7	400	1	98.74	-9.69	0.0837	1.0	111115	"CE7a    "	"CE7a    "	"19                "
8	"12:00:49"	941.5	8.25	0.0327	1.26	0.886	2.65	2.3	1	4.46	22.59	22.14	22.47	420.02	416.06	-0.187	0.220	-0.67	0.79	499.8	400	1	98.74	-9.69	0.0837	1.0	111115	"PI5     "	"PI5     "	"19                "
9	"12:02:48"	1061.0	34	0.256	170	5.63	2.26	2.3	1	4.46	22.42	21.01	22.39	419.89	403.20	-0.202	2.383	-0.73	8.64	499.8	400	1	98.74	-9.69	0.0837	0.7	111115	"CE5     "	"CE5     "	"19                "
10	"12:04:47"	1179.5	25.3	0.126	70.7	3.12	2.47	2.3	1	4.46	22.45	21.61	22.40	420.08	407.87	-0.209	1.225	-0.76	4.43	499.9	401	0	98.74	-9.69	0.0837	0.7	111115	"PI27    "	"PI27    "	"19                "
11	"12:06:35"	1287.5	33.5	0.299	202	6.49	2.26	2.3	1	4.46	22.47	21.22	22.43	420.06	403.42	-0.217	2.763	-0.78	9.99	499.7	399	1	98.75	-9.69	0.0837	0.7	111115	"PL4     "	"PL4     "	"19                "
12	"12:08:21"	1393.5	13	0.0533	11.3	1.4	2.59	2.3	1	4.46	22.52	21.84	22.46	420.09	413.85	-0.224	0.420	-0.81	1.51	499.7	399	0	98.74	-9.69	0.0837	1.0	111115	"PI18    "	"PI18    "	"20                "
13	"12:09:52"	1484.5	20.5	0.134	147	3.3	2.48	2.3	1	4.46	22.56	21.68	22.50	420.12	410.08	-0.232	1.285	-0.83	4.62	499.8	399	1	98.74	-9.69	0.0837	0.7	111115	"CE2     "	"CE2     "	"12                "
14	"12:11:44"	1597.0	12.9	0.0533	14.3	1.41	2.6	2.3	1	4.46	22.54	21.91	22.50	420.21	414.01	-0.247	0.400	-0.89	1.44	499.8	400	1	98.73	-9.69	0.0837	1.0	111115	"PI14    "	"PI14    "	"12                "
15	"12:13:28"	1701.0	13.1	0.0519	-3.85	1.37	2.6	2.3	1	4.46	22.58	21.90	22.54	420.22	413.91	-0.264	0.367	-0.95	1.32	499.7	399	1	98.72	-9.69	0.0837	0.7	111115	"OP1     "	"OP1     "	"12                "
16	"12:15:10"	1803.0	6.31	0.0222	-47.2	0.609	2.68	2.3	1	4.46	22.62	22.17	22.57	420.21	417.19	-0.280	0.000	-1.00	0.00	499.7	400	1	98.72	-9.69	0.0837	0.7	111115	"PI11    "	"PI11    "	"12                "
17	"12:17:05"	1917.5	14.1	0.0437	-113	1.17	2.64	2.3	1	4.46	22.60	22.06	22.56	420.30	413.60	-0.296	0.244	-1.06	0.87	499.9	400	1	98.72	-9.69	0.0837	1.0	111115	"PI10    "	"PI10    "	"12                "
18	"12:18:47"	2019.5	8.75	0.0451	92	1.2	2.62	2.3	1	4.46	22.58	21.94	22.54	420.22	415.97	-0.311	0.241	-1.12	0.87	499.8	399	1	98.72	-9.69	0.0837	1.0	111115	"OP5     "	"OP5     "	"12                "
19	"12:21:42"	2195.0	3.65	0.0176	74.7	0.482	2.68	2.3	1	4.46	22.57	22.09	22.53	420.38	418.61	-0.335	-0.113	-1.20	-0.41	499.7	399	1	98.73	-9.69	0.0837	1.0	111115	"PI1     "	"PI1     "	"12                "
20	"12:22:55"	2267.5	8.32	0.0234	-161	0.641	2.68	2.3	1	4.46	22.65	22.14	22.59	420.24	416.28	-0.341	-0.046	-1.22	-0.16	499.8	399	1	98.74	-9.69	0.0837	0.7	111115	"PI12    "	"PI12    "	"12                "
21	"12:24:16"	2349.0	15.2	0.0873	118	2.29	2.61	2.3	1	4.46	22.79	22.15	22.71	420.39	412.96	-0.338	0.717	-1.20	2.54	499.8	400	1	98.73	-9.69	0.0837	0.7	111115	"CE9     "	"CE9     "	"12                "
22	"12:25:43"	2436.0	18	0.148	198	3.72	2.53	2.3	1	4.46	22.96	22.10	22.86	420.34	411.36	-0.327	1.383	-1.15	4.85	499.7	400	1	98.73	-9.69	0.0837	1.0	111115	"CE3     "	"CE3     "	"12                "
23	"12:27:18"	2531.0	9.2	0.0305	-77.8	0.871	2.8	2.3	1	4.46	23.19	22.95	23.06	420.37	415.97	-0.308	0.093	-1.07	0.32	499.7	401	1	98.73	-9.69	0.0837	1.0	111115	"PI27    "	"PI27    "	"13                "
24	"12:28:36"	2609.0	16.9	0.0729	26.5	2.02	2.73	2.3	1	4.46	23.32	22.87	23.19	420.34	412.18	-0.291	0.637	-1.00	2.19	499.7	399	1	98.73	-9.69	0.0837	0.7	111115	"PI13    "	"PI13    "	"20                "
25	"12:30:20"	2712.5	21.7	0.106	65.8	2.84	2.66	2.3	1	4.46	23.38	22.64	23.29	420.22	409.68	-0.282	1.023	-0.96	3.50	499.7	400	1	98.74	-9.69	0.0837	1.0	111115	"OP1     "	"OP1     "	"20                "
26	"12:32:04"	2816.5	16.8	0.0715	21.1	1.97	2.73	2.3	1	4.46	23.42	22.84	23.35	420.10	411.99	-0.279	0.629	-0.95	2.15	499.7	400	1	98.74	-9.69	0.0837	1.0	111115	"PI2     "	"PI2     "	"20                "
27	"12:33:37"	2910.0	21.3	0.0666	-115	1.83	2.72	2.3	1	4.46	23.38	22.71	23.32	419.88	409.72	-0.282	0.561	-0.96	1.92	499.7	400	1	98.75	-9.69	0.0837	1.0	111115	"PI10    "	"PI10    "	"20                "
28	"12:35:07"	3000.0	14.9	0.0353	-273	0.975	2.71	2.3	1	4.46	23.18	22.46	23.15	419.80	412.74	-0.291	0.158	-1.01	0.55	499.7	400	1	98.75	-9.69	0.0837	0.7	111115	"OP6     "	"OP6     "	"20                "
29	"12:36:50"	3102.5	17.7	0.0526	-137	1.42	2.66	2.3	1	4.46	23.06	22.26	23.04	419.81	411.41	-0.304	0.351	-1.06	1.22	499.7	399	0	98.74	-9.69	0.0837	0.7	111115	"OP2     "	"OP2     "	"20                "
30	"12:39:07"	3239.5	24.4	0.0702	-161	1.88	2.65	2.3	1	4.46	23.07	22.32	23.03	419.56	407.98	-0.314	0.552	-1.09	1.92	499.8	400	1	98.74	-9.69	0.0837	1.0	111115	"PI30    "	"PI30    "	"13                "
31	"12:41:02"	3355.0	15.7	0.0318	-384	0.888	2.74	2.3	1	4.46	23.07	22.57	23.03	419.74	412.34	-0.325	0.084	-1.13	0.29	499.7	400	1	98.73	-9.69	0.0837	1.0	111115	"FR12    "	"FR12    "	"13                "
32	"12:42:54"	3466.5	38	0.209	89.4	5.04	2.45	2.3	1	4.46	22.93	21.96	22.93	419.59	401.18	-0.340	1.975	-1.20	6.95	499.7	400	1	98.73	-9.69	0.0837	0.3	111115	"CE7b    "	"CE7b    "	"13                "
33	"12:44:35"	3567.5	18.8	0.0793	16.4	2.05	2.56	2.3	1	4.46	22.74	21.78	22.76	419.52	410.48	-0.362	0.580	-1.29	2.06	499.7	400	1	98.73	-9.69	0.0837	0.7	111115	"OP8     "	"OP8     "	"14                "
34	"12:46:25"	3677.5	9.44	0.0329	-54.8	0.885	2.64	2.3	1	4.46	22.63	21.94	22.63	419.62	415.11	-0.384	0.023	-1.38	0.08	499.7	400	1	98.73	-9.69	0.0837	1.0	111115	"FR2     "	"FR2     "	"14                "
35	"12:48:34"	3807.0	23	0.101	28	2.56	2.52	2.3	1	4.46	22.55	21.63	22.53	419.57	408.49	-0.407	0.769	-1.46	2.77	499.8	401	0	98.73	-9.69	0.0837	1.0	111115	"PI18    "	"PI18    "	"14                "
