OPEN 5.3.2																												
Sun Sep 12 2021 15:07:27																												
Unit=	PSC-1342																											
ComputeList=	/User/Configs/Comps/Default																											
BLCTable=	/Sys/Lib/StdBLCTable																											
LightSource=	6400-02B RedBlue #SI-1466	1	0.16																									
LogFormat=	/User/Configs/LogFormats/Std Output																											
LogCodes=	-35	-21	-36	30	23	36	21	25	-33	-34	-32	-9	-10	-8	-1	-2	-4	-5	-14	-15	-7	-12	-13	-11	-65	-66	-72	-23
PromptList=	/User/Configs/Prompts/horsenettle prompts																											
Stability= (CO2S 15s SLP<1)(H2OS 15s SLP<1)(Flow 15s SLP<1)																												
15:07:53 cold and 2 hot rounds																												
$STARTOFDATA$																												
Obs	HHMMSS	FTime	Photo	Cond	Ci	Trmmol	VpdL	Area	StmRat	BLCond	Tair	Tleaf	TBlk	CO2R	CO2S	H2OR	H2OS	RH_R	RH_S	Flow	PARi	PARo	Press	CsMch	HsMch	StableF	Status	
1	15:15:56	528	24.5	0.769	323	6.69	0.984	2.3	1	4.46	22.44	21.34	22.37	399.36	386.9	12.845	15.876	46.46	57.43	499.7	401	0	98.56	-2.76	-0.969	1	111115	
2	15:18:39	690.5	29.2	0.812	314	7.19	1.01	2.3	1	4.46	22.48	21.61	22.4	401.16	386.43	12.781	16.039	46.11	57.87	499.7	400	0	98.57	-2.76	-0.969	0.7	111115	
3	15:20:50	821	22.9	0.818	332	7.19	1	2.3	1	4.46	22.49	21.55	22.41	401.14	389.31	12.739	15.998	45.93	57.67	499.7	399	1	98.56	-2.76	-0.969	1	111115	
4	15:24:18	1030	22.8	1.05	341	8.43	0.958	2.3	1	4.46	22.43	21.56	22.38	400.01	388	12.678	16.495	45.87	59.67	499.7	399	0	98.55	-2.76	-0.969	1	111115	
5	15:26:31	1162.5	26.3	1.17	337	8.61	0.894	2.3	1	4.46	22.34	21.18	22.29	399.85	386.23	12.64	16.535	45.99	60.16	499.7	399	0	98.55	-2.76	-0.969	1	111115	
6	15:29:00	1311.5	27.3	0.834	321	7.14	0.981	2.3	1	4.46	22.32	21.29	22.26	401.22	387.37	12.593	15.828	45.88	57.67	499.8	400	0	98.55	-2.76	-0.969	1	111115	
7	15:31:08	1440	24.5	0.875	329	7.51	0.99	2.3	1	4.46	22.41	21.43	22.33	399.86	387.26	12.562	15.963	45.52	57.84	499.7	400	0	98.55	-2.76	-0.969	0.7	111115	
8	15:33:22	1574	25.2	1.46	346	9.79	0.858	2.3	1	4.46	22.47	21.22	22.4	399.96	386.62	12.532	16.96	45.24	61.22	499.8	400	0	98.55	-2.76	-0.969	0.7	111115	
9	15:35:09	1681	21.9	0.344	274	4.01	1.21	2.3	1	4.46	22.5	21.81	22.43	400.07	389.26	12.507	14.324	45.04	51.59	499.7	400	0	98.55	-2.76	-0.969	0.7	111115	
10	15:37:29	1821	22.3	1.19	346	8.96	0.919	2.3	1	4.46	22.53	21.34	22.47	400.11	388.24	12.482	16.537	44.89	59.47	499.7	400	1	98.54	-2.76	-0.969	0.7	111115	
11	15:42:14	2106	28	1.06	329	8.71	0.979	2.3	1	4.46	22.6	21.61	22.54	400.42	385.97	12.413	16.354	44.44	58.55	499.7	400	0	98.54	-2.76	-0.969	0.7	111115	
12	15:48:01	2452.5	24.2	1.26	344	9.31	0.913	2.3	1	4.46	22.6	21.29	22.57	400.49	387.68	12.308	16.522	44.07	59.15	499.7	400	0	98.53	-2.76	-0.969	1	111115	
13	15:59:50	3162.5	11.3	0.193	289	2.61	1.36	2.3	1	4.46	22.56	22.08	22.5	399.2	393.5	12.078	13.263	43.35	47.6	499.8	400	0	98.52	-2.76	-0.969	0.7	111115	
14	16:02:01	3293	16.8	0.541	331	5.81	1.16	2.3	1	4.46	22.52	21.72	22.48	400.94	392.18	12.039	14.675	43.3	52.78	499.8	401	0	98.52	-2.76	-0.969	0.7	111115	
15	16:04:30	3441.5	17	0.398	311	4.6	1.21	2.3	1	4.46	22.48	21.68	22.43	400.18	391.52	12.013	14.099	43.33	50.85	499.7	400	0	98.52	-2.76	-0.969	0.7	111115	
16	16:06:45	3576.5	5.7	0.138	322	1.92	1.38	2.3	1	4.46	22.48	21.99	22.43	401.35	398.38	11.996	12.867	43.25	46.39	499.8	400	1	98.52	-2.76	-0.969	0.7	111115	
17	16:09:31	3742.5	2.09	6.17	391	15	0.557	2.3	1	4.46	22.49	20.39	22.44	399.46	395.77	11.985	18.743	43.19	67.54	499.7	399	0	98.51	-2.76	-0.969	1	111115	
18	16:11:28	3860.5	2.76	0.058	312	0.876	1.48	2.3	1	4.46	22.61	22.28	22.54	399.61	398.17	11.998	12.396	42.91	44.34	499.8	400	0	98.51	-2.76	-0.969	0.7	111115	
19	16:13:47	3999.5	20.7	0.711	330	7.11	1.12	2.3	1	4.46	22.73	21.79	22.65	399.8	389	12.017	15.24	42.68	54.13	499.7	401	1	98.51	-2.76	-0.969	1	111115	
20	16:16:28	4160.5	15	0.325	306	4.13	1.32	2.3	1	4.46	22.89	22.21	22.81	399.63	391.98	12.064	13.94	42.42	49.02	499.7	401	1	98.51	-2.76	-0.969	0.7	111115	
21	16:18:28	4280	23.2	0.652	318	6.87	1.17	2.3	1	4.46	23.02	22.07	22.94	400.72	388.8	12.105	15.219	42.25	53.12	499.8	400	0	98.51	-2.76	-0.969	0.7	111115	
22	16:20:41	4412.5	5.64	0.0595	235	0.95	1.56	2.3	1	4.46	23.21	22.91	23.11	399.59	396.82	12.171	12.603	41.98	43.46	499.7	400	0	98.51	-2.76	-0.969	0.7	111115	
23	16:23:47	4599.5	28.2	0.513	282	6.26	1.31	2.3	1	4.46	23.46	22.87	23.36	399.51	385.43	12.257	15.094	41.64	51.28	499.7	400	0	98.51	-2.76	-0.969	1	111115	
24	16:26:03	4735	22.9	0.192	186	2.86	1.5	2.3	1	4.46	23.56	23.09	23.48	401	389.95	12.298	13.598	41.54	45.93	499.7	400	0	98.51	-2.76	-0.969	0.7	111115	
25	16:29:40	4951.5	24.3	0.276	233	3.84	1.42	2.3	1	4.46	23.65	22.94	23.59	400.14	388.25	12.338	14.079	41.44	47.29	499.7	401	0	98.5	-2.76	-0.969	1	111115	
26	16:32:10	5102	25.4	0.506	292	5.86	1.24	2.3	1	4.46	23.53	22.41	23.5	400.05	387.32	12.332	14.99	41.73	50.72	499.8	399	0	98.5	-2.76	-0.969	0.7	111115	
27	16:33:52	5203.5	13.8	0.0936	146	1.43	1.51	2.3	1	4.46	23.4	22.79	23.38	400.05	393.43	12.318	12.969	41.99	44.21	499.7	399	0	98.5	-2.76	-0.969	0.7	111115	
28	16:36:09	5341	21.1	5.16	371	15.4	0.618	2.3	1	4.46	23.24	21.1	23.23	399.89	387.45	12.284	19.222	42.3	66.19	499.7	399	0	98.49	-2.76	-0.969	0.7	111115	
29	16:37:58	5450.5	27	0.512	287	5.75	1.21	2.3	1	4.46	23.13	22.11	23.13	399.98	386.51	12.251	14.86	42.45	51.49	499.8	400	0	98.5	-2.76	-0.969	0.7	111115	
30	16:40:09	5581.5	26.9	0.701	310	7.26	1.15	2.3	1	4.46	23.02	22.17	23	400.03	386.35	12.202	15.491	42.58	54.05	499.7	399	0	98.49	-2.76	-0.969	0.7	111115	
31	16:41:53	5685	28	0.384	255	4.52	1.23	2.3	1	4.46	22.93	21.88	22.91	399.98	386.3	12.162	14.213	42.67	49.87	499.8	400	0	98.49	-2.76	-0.969	1	111115	
32	16:44:29	5841	22.1	0.656	322	6.54	1.1	2.3	1	4.46	22.75	21.58	22.73	400.1	388.76	12.092	15.056	42.87	53.38	499.7	400	0	98.49	-2.76	-0.969	1	111115	
33	16:46:19	5951	31.1	0.616	288	6.45	1.15	2.3	1	4.46	22.65	21.81	22.63	400.17	384.71	12.043	14.965	42.97	53.4	499.7	401	0	98.48	-2.76	-0.969	0.7	111115	
34	16:48:23	6075	23.5	1.33	347	9.5	0.896	2.3	1	4.46	22.54	21.04	22.53	400.07	387.54	12.003	16.303	43.1	58.54	499.7	400	0	98.48	-2.76	-0.969	0.7	111115	
35	16:50:52	6224.5	27	0.431	272	4.91	1.21	2.3	1	4.46	22.47	21.69	22.43	400.15	386.85	11.952	14.181	43.12	51.16	499.7	400	0	98.48	-2.76	-0.969	1	111115	
36	16:52:25	6317	27.6	1.09	331	8.97	0.987	2.3	1	4.46	22.41	21.42	22.38	400.14	385.84	11.926	15.987	43.16	57.85	499.7	399	0	98.48	-2.76	-0.969	0.7	111115	
