"OPEN 5.3.2"
"Sat Nov  6 2021 13:05:34"
"Unit="	"PSC-1342"
"ComputeList="	"/User/Configs/Comps/Default"
"BLCTable="	"/Sys/Lib/StdBLCTable"
"LightSource="	"6400-02B RedBlue #SI-1466"	1	0.16
"LogFormat="	"/User/Configs/LogFormats/horsenettle"
"LogCodes="	-35	-21	-36	30	23	36	21	25	-33	-34	-32	-9	-10	-8	-1	-2	-4	-5	-14	-15	-7	-12	-13	-11	-65	-66	-72	-23	-107	-108	-109
"PromptList="	"/User/Configs/Prompts/horsenettle prompts"
"Stability= (CO2S 15s SLP<1)(H2OS 15s SLP<1)(Flow 15s SLP<1)"
"13:05:35 "
$STARTOFDATA$
"Obs"	"HHMMSS"	"FTime"	"Photo"	"Cond"	"Ci"	"Trmmol"	"VpdL"	"Area"	"StmRat"	"BLCond"	"Tair"	"Tleaf"	"TBlk"	"CO2R"	"CO2S"	"H2OR"	"H2OS"	"RH_R"	"RH_S"	"Flow"	"PARi"	"PARo"	"Press"	"CsMch"	"HsMch"	"StableF"	"Status"	"ID"	"Block"	"Ramet"
1	"13:15:54"	640.5	14.6	0.0474	-90.6	1.2	2.48	2.3	1	4.46	21.73	21.39	21.55	419.88	412.95	0.216	0.770	0.81	2.89	499.7	399	1	97.94	-10	0.103	0.7	111115	"FR2     "	"14                "	"c                                     "
2	"13:17:45"	751.5	16.4	0.0611	-29.5	1.54	2.47	2.3	1	4.46	21.85	21.41	21.70	419.84	412.01	0.229	0.936	0.85	3.49	499.9	399	1	97.94	-10	0.103	0.7	111115	"PI18    "	"14                "	"c                                     "
3	"13:19:31"	858.0	31.3	0.225	161	4.97	2.24	2.3	1	4.46	22.00	20.96	21.86	419.68	404.35	0.244	2.523	0.90	9.31	499.7	401	1	97.94	-10	0.103	0.7	111115	"CE7b    "	"13                "	"c                                     "
4	"13:22:18"	1024.5	6.34	0.0412	156	1.08	2.54	2.3	1	4.46	22.25	21.78	22.10	419.80	416.67	0.263	0.757	0.95	2.75	499.8	400	1	97.92	-10	0.103	1.0	111115	"PI30    "	"13                "	"c                                     "
5	"13:24:13"	1140.0	28.7	0.221	177	4.96	2.28	2.3	1	4.46	22.33	21.19	22.22	419.75	405.60	0.269	2.544	0.97	9.20	499.8	401	1	97.92	-10	0.103	0.7	111115	"FR12    "	"13                "	"c                                     "
6	"13:26:22"	1268.5	13.5	0.0545	5.58	1.42	2.54	2.3	1	4.46	22.40	21.84	22.28	419.77	413.30	0.275	0.926	0.99	3.34	499.7	399	0	97.93	-10	0.103	1.0	111115	"OP8     "	"14                "	"c                                     "
7	"13:28:07"	1373.5	17	0.155	218	3.79	2.43	2.3	1	4.46	22.52	21.86	22.42	419.86	411.31	0.281	2.020	1.00	7.22	499.8	400	1	97.93	-10	0.103	1.0	111115	"OP2     "	"20                "	"d                                     "
8	"13:32:49"	1656.0	6.58	0.0493	188	1.31	2.6	2.3	1	4.46	22.82	22.20	22.71	419.78	416.51	0.304	0.907	1.07	3.19	499.7	400	1	97.92	-10	0.103	1.0	111115	"OP6     "	"20                "	"d                                     "
9	"13:34:32"	1759.0	5.69	0.0295	95.1	0.806	2.66	2.3	1	4.46	22.89	22.44	22.79	419.84	417.07	0.309	0.680	1.08	2.38	499.7	400	1	97.92	-10	0.103	1.0	111115	"PI10    "	"20                "	"d                                     "
10	"13:36:42"	1889.0	2.31	0.0212	229	0.592	2.71	2.3	1	4.46	23.03	22.68	22.92	419.90	418.72	0.324	0.597	1.12	2.07	499.7	399	1	97.92	-10	0.103	1.0	111115	"PI2     "	"20                "	"d                                     "
11	"13:38:22"	1989.0	5.45	0.0292	105	0.812	2.7	2.3	1	4.46	23.13	22.70	23.03	419.88	417.21	0.333	0.707	1.15	2.43	499.7	400	1	97.91	-10	0.103	1.0	111115	"OP1     "	"20                "	"d                                     "
12	"13:39:45"	2072.0	4.71	0.0324	170	0.899	2.7	2.3	1	4.46	23.18	22.73	23.08	419.84	417.50	0.339	0.753	1.17	2.59	499.7	400	1	97.91	-10	0.103	1.0	111115	"PI13    "	"20                "	"d                                     "
13	"13:42:14"	2220.5	35.2	0.163	38.4	4.02	2.46	2.3	1	4.46	23.20	22.14	23.12	419.86	402.92	0.343	2.191	1.18	7.52	499.7	400	1	97.91	-10	0.103	0.7	111115	"PI5     "	"15                "	"c                                     "
14	"13:46:20"	2466.5	12.8	0.0687	99.8	1.88	2.67	2.3	1	4.46	23.34	22.85	23.26	419.82	413.57	0.363	1.226	1.24	4.17	499.8	400	1	97.91	-10	0.103	1.0	111115	"PI2     "	"15                "	"c                                     "
15	"13:48:34"	2601.0	39.7	0.286	156	6.5	2.33	2.3	1	4.46	23.27	22.04	23.24	419.76	400.30	0.372	3.355	1.27	11.46	499.8	400	0	97.9	-10	0.103	1.0	111115	"CE1     "	"15                "	"c                                     "
16	"13:51:25"	2771.5	20.2	0.0849	14.5	2.25	2.61	2.3	1	4.46	23.33	22.56	23.27	419.82	410.10	0.388	1.423	1.32	4.84	499.7	401	0	97.9	-10	0.103	0.7	111115	"FR6     "	"15                "	"c                                     "
17	"13:53:02"	2869.0	21.2	0.131	132	3.36	2.55	2.3	1	4.46	23.36	22.56	23.29	419.73	409.35	0.398	1.942	1.35	6.60	499.7	401	0	97.91	-10	0.103	1.0	111115	"RE3     "	"15                "	"c                                     "
18	"13:56:09"	3056.0	11.1	0.0536	67.2	1.48	2.7	2.3	1	4.46	23.43	22.91	23.37	419.69	414.28	0.412	1.093	1.39	3.70	499.7	399	1	97.91	-10	0.103	1.0	111115	"PI9     "	"15                "	"c                                     "
19	"13:58:13"	3180.0	9.58	0.0447	59.1	1.23	2.68	2.3	1	4.46	23.39	22.75	23.34	419.73	415.09	0.415	0.981	1.41	3.33	499.7	399	1	97.91	-10	0.103	0.7	111115	"FR1     "	"15                "	"c                                     "
20	"14:00:38"	3324.5	32	0.134	3.43	3.43	2.54	2.3	1	4.46	23.45	22.51	23.40	419.63	404.26	0.422	1.996	1.43	6.74	499.9	401	1	97.92	-10	0.103	0.7	111115	"CE4     "	"15                "	"c                                     "
21	"14:02:31"	3437.5	5.7	0.0317	115	0.892	2.73	2.3	1	4.46	23.48	22.97	23.42	419.81	417.02	0.429	0.839	1.45	2.83	499.7	399	1	97.92	-10	0.103	1.0	111115	"PI18    "	"21                "	"e                                     "
22	"14:04:30"	3557.5	17	0.0948	108	2.5	2.6	2.3	1	4.46	23.46	22.62	23.41	419.65	411.36	0.434	1.583	1.47	5.35	499.7	401	1	97.92	-10	0.103	0.7	111115	"CE7a    "	"21                "	"e                                     "
23	"14:06:50"	3697.5	8.81	0.0479	107	1.33	2.71	2.3	1	4.46	23.53	22.96	23.47	419.72	415.41	0.442	1.054	1.49	3.55	499.7	401	1	97.91	-10	0.103	0.7	111115	"PI11    "	"21                "	"e                                     "
24	"14:11:05"	3952.0	9.14	0.0399	36	1.12	2.74	2.3	1	4.46	23.66	23.10	23.58	419.68	415.25	0.468	0.985	1.56	3.29	499.7	400	0	97.91	-10	0.103	1.0	111115	"PI27    "	"21                "	"e                                     "
25	"14:13:17"	4084.5	8.23	0.0561	165	1.57	2.73	2.3	1	4.46	23.67	23.17	23.61	419.61	415.52	0.481	1.202	1.60	4.01	499.7	399	1	97.91	-10	0.103	1.0	111115	"FR12    "	"21                "	"e                                     "
