"OPEN 5.3.2"
"Fri Oct 22 2021 13:30:58"
"Unit="	"PSC-1342"
"ComputeList="	"/User/Configs/Comps/Default"
"BLCTable="	"/Sys/Lib/StdBLCTable"
"LightSource="	"6400-02B RedBlue #SI-1466"	1	0.16
"LogFormat="	"/User/Configs/LogFormats/horsenettle"
"LogCodes="	-35	-21	-36	30	23	36	21	25	-33	-34	-32	-9	-10	-8	-1	-2	-4	-5	-14	-15	-7	-12	-13	-11	-65	-66	-72	-23	-107	-108	-109
"PromptList="	"/User/Configs/Prompts/horsenettle prompts"
"Stability= (CO2S 15s SLP<1)(H2OS 15s SLP<1)(Flow 15s SLP<1)"
"13:31:00 "
$STARTOFDATA$
"Obs"	"HHMMSS"	"FTime"	"Photo"	"Cond"	"Ci"	"Trmmol"	"VpdL"	"Area"	"StmRat"	"BLCond"	"Tair"	"Tleaf"	"TBlk"	"CO2R"	"CO2S"	"H2OR"	"H2OS"	"RH_R"	"RH_S"	"Flow"	"PARi"	"PARo"	"Press"	"CsMch"	"HsMch"	"StableF"	"Status"	"ID"	"Block"	"Ramet"
1	"13:37:08"	396.0	31.3	0.204	139	4.7	2.35	2.3	1	4.46	22.54	21.39	22.41	419.82	404.54	-0.040	2.121	-0.14	7.63	499.7	401	1	98.67	-9.36	0.0288	1.0	111115	"CE6     "	"5                 "	"a                                     "
2	"13:38:28"	477.0	9.77	0.0304	-109	0.82	2.65	2.3	1	4.46	22.60	22.15	22.48	419.76	415.11	-0.046	0.331	-0.17	1.19	499.8	401	1	98.66	-9.36	0.0288	0.7	111115	"FR11    "	"5                 "	"a                                     "
3	"13:39:42"	551.0	10.4	0.0282	-182	0.771	2.68	2.3	1	4.46	22.69	22.33	22.57	419.81	414.88	-0.052	0.303	-0.18	1.08	499.8	399	0	98.66	-9.36	0.0288	0.7	111115	"OP2     "	"5                 "	"a                                     "
4	"13:41:32"	661.0	14.9	0.0406	-184	1.1	2.66	2.3	1	4.46	22.82	22.33	22.70	419.84	412.77	-0.060	0.447	-0.21	1.58	499.7	400	1	98.65	-9.36	0.0288	1.0	111115	"FR6     "	"5                 "	"a                                     "
5	"13:42:52"	741.0	23.1	0.134	115	3.34	2.49	2.3	1	4.46	22.89	21.90	22.78	419.87	408.63	-0.066	1.467	-0.23	5.16	499.7	400	1	98.64	-9.36	0.0288	0.7	111115	"PI3     "	"4                 "	"a                                     "
6	"13:44:36"	844.5	5.4	0.0141	-203	0.395	2.74	2.3	1	4.46	22.96	22.57	22.86	419.89	417.32	-0.083	0.099	-0.29	0.35	499.8	400	1	98.64	-9.36	0.0288	0.7	111115	"PI3     "	"4                 "	"a                                     "
7	"13:46:01"	929.5	9.33	0.113	266	2.88	2.54	2.3	1	4.46	22.99	22.04	22.91	419.84	415.00	-0.092	1.232	-0.32	4.31	499.7	399	1	98.63	-9.36	0.0288	1.0	111115	"CE11    "	"4                 "	"a                                     "
8	"13:47:41"	1029.5	6.57	0.0302	56.5	0.853	2.76	2.3	1	4.46	23.17	22.82	23.06	419.90	416.72	-0.095	0.297	-0.33	1.03	499.8	399	1	98.64	-9.36	0.0288	1.0	111115	"PI5     "	"4                 "	"a                                     "
9	"13:49:14"	1122.5	8.8	0.029	-79.9	0.832	2.8	2.3	1	4.46	23.39	23.08	23.25	420.00	415.79	-0.085	0.297	-0.29	1.02	499.7	399	1	98.63	-9.36	0.0288	0.7	111115	"OP6     "	"5                 "	"a                                     "
10	"13:50:26"	1194.5	10.7	0.111	243	2.92	2.63	2.3	1	4.46	23.56	22.61	23.42	419.89	414.41	-0.069	1.275	-0.23	4.31	499.7	399	1	98.63	-9.36	0.0288	0.7	111115	"FR8     "	"5                 "	"a                                     "
11	"13:51:54"	1282.5	7.07	0.0289	12.1	0.847	2.87	2.3	1	4.46	23.78	23.49	23.63	419.94	416.52	-0.046	0.344	-0.15	1.15	499.7	399	1	98.63	-9.36	0.0288	1.0	111115	"PI2     "	"5                 "	"a                                     "
12	"13:53:26"	1375.0	12.7	0.105	202	2.93	2.76	2.3	1	4.46	24.03	23.43	23.86	419.84	413.43	-0.012	1.332	-0.04	4.38	499.7	400	1	98.63	-9.36	0.0288	1.0	111115	"RE5     "	"5                 "	"a                                     "
13	"13:54:55"	1463.5	11	0.0327	-134	0.975	2.92	2.3	1	4.46	24.13	23.80	24.00	419.60	414.35	0.004	0.452	0.01	1.48	499.9	400	1	98.63	-9.36	0.0288	0.7	111115	"PI30    "	"16                "	"d                                     "
14	"13:56:35"	1563.5	16.9	0.11	149	3.03	2.73	2.3	1	4.46	24.22	23.30	24.11	419.45	411.11	0.006	1.398	0.02	4.55	499.7	401	1	98.63	-9.36	0.0288	0.7	111115	"CE2     "	"16                "	"d                                     "
15	"13:57:44"	1633.0	10.1	0.0163	-580	0.493	2.96	2.3	1	4.46	24.28	23.91	24.18	419.40	414.65	0.004	0.230	0.01	0.75	499.7	400	1	98.63	-9.36	0.0288	0.7	111115	"PI21    "	"17                "	"d                                     "
16	"14:00:18"	1787.0	6.95	0.00775	-1.01E+03	0.236	2.96	2.3	1	4.46	24.27	23.87	24.20	419.10	415.86	-0.013	0.096	-0.04	0.31	499.7	401	1	98.62	-9.36	0.0288	0.7	111115	"PI11    "	"17                "	"d                                     "
17	"14:01:33"	1862.0	32.8	0.24	162	5.87	2.5	2.3	1	4.46	24.14	22.68	24.12	418.98	402.79	-0.029	2.666	-0.09	8.71	499.7	399	1	98.62	-9.36	0.0288	0.7	111115	"CE11    "	"17                "	"d                                     "
18	"14:02:41"	1930.0	9.58	0.0165	-514	0.484	2.86	2.3	1	4.46	24.06	23.34	24.04	418.89	414.39	-0.045	0.178	-0.15	0.58	499.7	400	1	98.62	-9.36	0.0288	0.7	111115	"PI19    "	"17                "	"d                                     "
19	"14:04:07"	2016.0	14.7	0.0977	154	2.65	2.7	2.3	1	4.46	24.04	22.96	24.01	418.87	411.62	-0.061	1.160	-0.20	3.81	499.7	399	1	98.62	-9.36	0.0288	0.7	111115	"CE7b    "	"18                "	"d                                     "
20	"14:05:52"	2120.5	18.7	0.074	-8.42	2.11	2.82	2.3	1	4.46	24.06	23.50	24.02	418.85	409.87	-0.080	0.892	-0.26	2.93	499.7	400	1	98.62	-9.36	0.0288	0.7	111115	"FR8     "	"18                "	"d                                     "
21	"14:07:00"	2188.5	9.94	0.065	153	1.82	2.76	2.3	1	4.46	24.05	23.10	24.02	418.88	413.96	-0.089	0.749	-0.29	2.46	499.6	400	0	98.61	-9.36	0.0288	0.7	111115	"CE10    "	"18                "	"d                                     "
22	"14:08:36"	2284.5	8.56	0.0244	-155	0.718	2.87	2.3	1	4.46	24.06	23.43	24.02	418.80	414.73	-0.105	0.226	-0.34	0.74	499.7	401	1	98.61	-9.36	0.0288	0.7	111115	"PI9     "	"18                "	"d                                     "
23	"14:10:07"	2376.0	21.3	0.0774	-43.8	2.14	2.73	2.3	1	4.46	24.03	22.98	23.99	420.44	410.25	-0.119	0.864	-0.39	2.84	499.7	399	1	98.61	-9.36	0.0288	0.7	111115	"PI1     "	"18                "	"d                                     "
24	"14:11:43"	2472.0	56.4	0.241	7.58	6.33	2.68	1.15	1	4.86	24.05	22.93	24.01	420.46	406.90	-0.130	1.324	-0.43	4.35	499.7	399	1	98.61	-9.36	0.0288	0.7	111115	"RE5     "	"18                "	"d                                     "
25	"14:13:07"	2555.5	18.3	0.0431	-272	1.28	2.91	1.15	1	4.86	24.16	23.64	24.09	420.32	415.98	-0.126	0.169	-0.41	0.55	499.8	400	1	98.61	-9.36	0.0288	0.7	111115	"FR12    "	"19                "	"d                                     "
26	"14:14:10"	2619.0	11.2	0.0224	-388	0.677	2.96	2.3	1	4.46	24.26	23.89	24.18	420.52	415.25	-0.118	0.194	-0.38	0.63	499.7	399	1	98.61	-9.36	0.0288	1.0	111115	"FR12    "	"19                "	"d                                     "
27	"14:15:33"	2701.5	7.64	0.0185	-249	0.571	3	2.3	1	4.46	24.43	24.14	24.32	420.58	416.96	-0.098	0.165	-0.31	0.53	499.7	400	0	98.61	-9.36	0.0288	0.7	111115	"CE9     "	"19                "	"d                                     "
28	"14:16:43"	2771.5	18.8	0.0431	-294	1.31	2.98	2.3	1	4.46	24.58	24.19	24.46	420.60	411.72	-0.083	0.519	-0.26	1.65	499.7	400	1	98.6	-9.36	0.0288	0.7	111115	"PI14    "	"19                "	"d                                     "
29	"14:18:27"	2876.0	12.2	0.0419	-65.8	1.27	2.97	2.3	1	4.46	24.63	24.13	24.54	420.46	414.58	-0.071	0.512	-0.22	1.62	499.7	401	1	98.61	-9.36	0.0288	1.0	111115	"CE3     "	"19                "	"d                                     "
30	"14:19:42"	2951.0	25.4	0.0877	-71.1	2.51	2.83	2.3	1	4.46	24.66	23.69	24.58	420.37	408.19	-0.074	1.080	-0.23	3.42	499.7	401	1	98.61	-9.36	0.0288	0.7	111115	"FR11    "	"19                "	"d                                     "
31	"14:20:45"	3014.0	31.6	0.17	87.2	4.57	2.7	2.3	1	4.46	24.66	23.48	24.60	420.30	404.91	-0.079	2.019	-0.25	6.39	499.7	400	1	98.61	-9.36	0.0288	0.7	111115	"CE7a    "	"19                "	"d                                     "
32	"14:21:52"	3081.0	12.5	0.0433	-61	1.29	2.93	2.3	1	4.46	24.66	23.90	24.61	420.31	414.29	-0.085	0.510	-0.27	1.61	499.7	399	1	98.61	-9.36	0.0288	0.7	111115	"PI5     "	"19                "	"d                                     "
33	"14:22:57"	3145.5	30.7	0.143	41.8	3.93	2.76	2.3	1	4.46	24.62	23.63	24.58	420.20	405.34	-0.091	1.717	-0.29	5.45	499.7	400	1	98.61	-9.36	0.0288	0.7	111115	"PI27    "	"19                "	"d                                     "
34	"14:24:53"	3262.0	31.7	0.221	154	5.51	2.54	2.3	1	4.46	24.33	22.76	24.33	420.10	404.50	-0.116	2.415	-0.38	7.80	499.7	400	1	98.61	-9.36	0.0288	0.7	111115	"CE5     "	"19                "	"d                                     "
35	"14:26:02"	3331.0	34.4	0.261	171	6.3	2.48	2.3	1	4.46	24.25	22.59	24.26	420.18	403.20	-0.134	2.757	-0.44	8.94	499.8	398	1	98.61	-9.36	0.0288	0.7	111115	"PL4     "	"19                "	"d                                     "
36	"14:27:14"	3402.5	19.7	0.102	84.4	2.86	2.78	2.3	1	4.46	24.24	23.41	24.24	420.19	410.56	-0.149	1.165	-0.48	3.78	499.7	401	0	98.61	-9.36	0.0288	0.7	111115	"PI18    "	"20                "	"d                                     "
37	"14:28:41"	3490.0	11.3	0.0455	2.88	1.33	2.87	2.3	1	4.46	24.26	23.53	24.24	420.24	414.77	-0.163	0.449	-0.53	1.46	499.7	400	1	98.6	-9.36	0.0288	0.7	111115	"OP7     "	"20                "	"d                                     "
38	"14:29:47"	3556.0	24.3	0.092	-29.6	2.56	2.76	2.3	1	4.46	24.27	23.23	24.24	420.25	408.59	-0.174	1.004	-0.56	3.25	499.7	401	1	98.6	-9.36	0.0288	0.7	111115	"CE2     "	"12                "	"c                                     "
39	"14:30:54"	3623.0	18.1	0.0787	28.7	2.2	2.77	2.3	1	4.46	24.23	23.16	24.21	420.20	411.47	-0.188	0.825	-0.61	2.68	499.7	399	1	98.6	-9.36	0.0288	0.7	111115	"PI14    "	"12                "	"c                                     "
40	"14:31:59"	3687.5	10.7	0.0412	-13.7	1.21	2.88	2.3	1	4.46	24.19	23.53	24.18	420.33	415.17	-0.203	0.353	-0.66	1.15	499.7	399	0	98.6	-9.36	0.0288	0.7	111115	"OP1     "	"12                "	"c                                     "
41	"14:33:13"	3762.0	10.1	0.037	-32.3	1.09	2.89	2.3	1	4.46	24.25	23.59	24.21	420.37	415.53	-0.214	0.289	-0.69	0.94	499.7	399	1	98.6	-9.36	0.0288	0.7	111115	"PI11    "	"12                "	"c                                     "
42	"14:34:30"	3839.0	18.9	0.0912	63.2	2.61	2.83	2.3	1	4.46	24.34	23.62	24.29	420.45	411.26	-0.215	0.984	-0.69	3.17	499.7	399	1	98.6	-9.36	0.0288	0.7	111115	"PI10    "	"12                "	"c                                     "
43	"14:35:40"	3909.5	4.42	0.0138	-104	0.426	3.01	2.3	1	4.46	24.47	24.09	24.39	420.55	418.44	-0.209	-0.013	-0.67	-0.04	499.7	400	1	98.6	-9.36	0.0288	0.7	111115	"OP5     "	"12                "	"c                                     "
44	"14:37:05"	3994.0	4.93	0.0182	-26	0.562	3.01	2.3	1	4.46	24.64	24.11	24.54	420.49	418.11	-0.192	0.067	-0.61	0.21	499.7	400	0	98.6	-9.36	0.0288	0.7	111115	"PI      "	"12                "	"c                                     "
45	"14:38:19"	4068.5	9.31	0.0272	-141	0.852	3.06	2.3	1	4.46	24.78	24.45	24.67	420.46	416.01	-0.172	0.220	-0.54	0.69	499.7	401	1	98.59	-9.36	0.0288	0.7	111115	"PI12    "	"12                "	"c                                     "
46	"14:39:34"	4143.5	8.72	0.0556	148	1.69	2.98	2.3	1	4.46	24.82	24.26	24.72	420.33	415.99	-0.167	0.609	-0.52	1.91	499.7	401	1	98.6	-9.36	0.0288	0.7	111115	"CE9     "	"12                "	"c                                     "
47	"14:40:50"	4219.0	12.1	0.0569	58.4	1.72	2.97	2.3	1	4.46	24.85	24.19	24.78	420.18	414.28	-0.170	0.621	-0.53	1.94	499.7	400	0	98.59	-9.36	0.0288	0.7	111115	"PI27    "	"13                "	"c                                     "
48	"14:42:17"	4306.5	12.3	0.0819	156	2.42	2.92	2.3	1	4.46	24.87	24.08	24.81	420.00	413.88	-0.179	0.933	-0.56	2.92	499.7	399	1	98.6	-9.36	0.0288	0.7	111115	"CE3     "	"13                "	"c                                     "
