"OPEN 5.3.2"
"Wed Oct 13 2021 11:33:30"
"Unit="	"PSC-1342"
"ComputeList="	"/User/Configs/Comps/Default"
"BLCTable="	"/Sys/Lib/StdBLCTable"
"LightSource="	"6400-02B RedBlue #SI-1466"	1	0.16
"LogFormat="	"/User/Configs/LogFormats/horsenettle loglist"
"LogCodes="	-35	-21	-36	30	23	36	21	25	-33	-34	-32	-9	-10	-8	-1	-2	-4	-5	-14	-15	-7	-12	-13	-11	-65	-66	-72	-23	-107	-107	-108
"PromptList="	"/User/Configs/Prompts/horsenettle prompts"
"Stability= (CO2S 15s SLP<1)(H2OS 15s SLP<1)(Flow 15s SLP<1)"
"11:33:31 "
$STARTOFDATA$
"Obs"	"HHMMSS"	"FTime"	"Photo"	"Cond"	"Ci"	"Trmmol"	"VpdL"	"Area"	"StmRat"	"BLCond"	"Tair"	"Tleaf"	"TBlk"	"CO2R"	"CO2S"	"H2OR"	"H2OS"	"RH_R"	"RH_S"	"Flow"	"PARi"	"PARo"	"Press"	"CsMch"	"HsMch"	"StableF"	"Status"	"ID"	"ID"	"Block"
1	"11:44:49"	722.5	18.7	0.147	186	4.48	2.99	2.3	1	4.46	26.74	25.38	26.68	420.28	410.81	0.695	2.750	1.90	7.53	499.7	400	1	96.61	-8.64	0.13	1.0	111115	"CE2     "	"CE2     "	"16                "
2	"11:46:28"	822.5	13.4	0.143	243	4.41	3.02	2.3	1	4.46	26.80	25.55	26.75	420.29	413.30	0.730	2.754	1.99	7.52	499.7	400	1	96.61	-8.64	0.13	0.7	111115	"PI30    "	"PI30    "	"16                "
3	"11:48:09"	923.5	7.81	0.0334	27.2	1.15	3.29	2.3	1	4.46	26.87	26.18	26.82	420.44	416.63	0.750	1.278	2.04	3.47	499.7	400	1	96.6	-8.64	0.13	1.0	111115	"PI21    "	"PI21    "	"17                "
4	"11:49:57"	1031.0	13.7	0.0814	124	2.66	3.16	2.3	1	4.46	26.94	25.89	26.90	418.89	412.07	0.764	1.988	2.07	5.38	499.7	401	1	96.6	-8.64	0.13	1.0	111115	"CE11    "	"CE11    "	"17                "
5	"11:51:45"	1139.0	4.62	0.0207	44.5	0.728	3.36	2.3	1	4.46	27.02	26.45	26.97	418.95	416.68	0.775	1.110	2.09	2.99	499.6	399	0	96.6	-8.64	0.13	1.0	111115	"PI19    "	"PI19    "	"17                "
6	"11:53:55"	1269.0	14.1	0.0482	-68.3	1.66	3.31	2.3	1	4.46	27.09	26.43	27.05	419.04	412.26	0.790	1.555	2.12	4.17	499.8	399	1	96.61	-8.64	0.13	1.0	111115	"PI11    "	"PI11    "	"17                "
7	"11:55:12"	1346.0	12	0.0999	200	3.3	3.2	2.3	1	4.46	27.14	26.27	27.10	419.07	412.91	0.801	2.318	2.14	6.21	499.7	400	1	96.61	-8.64	0.13	1.0	111115	"CE7b    "	"CE7b    "	"18                "
8	"11:57:24"	1478.5	17.8	0.112	137	3.57	3.1	2.3	1	4.46	27.18	25.79	27.16	419.10	410.24	0.815	2.454	2.18	6.55	499.7	400	1	96.61	-8.64	0.13	0.7	111115	"FR8     "	"FR8     "	"18                "
9	"11:59:31"	1605.5	6.16	0.075	264	2.52	3.24	2.3	1	4.46	27.23	26.30	27.20	419.19	415.87	0.829	1.987	2.21	5.29	499.8	401	1	96.6	-8.64	0.13	0.7	111115	"CE10    "	"CE10    "	"18                "
10	"12:00:50"	1684.5	10.4	0.0323	-112	1.13	3.34	2.3	1	4.46	27.26	26.47	27.23	420.97	415.96	0.839	1.357	2.23	3.61	499.7	400	0	96.59	-8.64	0.13	0.7	111115	"PI9     "	"PI9     "	"18                "
11	"12:02:44"	1798.0	23.3	0.195	199	6.3	3.18	1.15	1	4.86	27.35	26.15	27.31	419.37	413.40	0.860	2.308	2.27	6.10	499.6	400	1	96.58	-8.64	0.13	0.7	111115	"CE6     "	"CE6     "	"5                 "
12	"12:03:54"	1868.5	21.9	0.112	76.7	3.66	3.17	2.3	1	4.46	27.38	26.22	27.34	419.55	408.79	0.874	2.554	2.31	6.74	499.7	399	1	96.58	-8.64	0.13	0.7	111115	"FR10    "	"FR10    "	"5                 "
13	"12:05:35"	1969.0	7.99	0.0699	213	2.38	3.28	2.3	1	4.46	27.44	26.45	27.41	419.38	415.25	0.879	1.971	2.31	5.18	499.7	401	1	96.57	-8.64	0.13	0.7	111115	"CE5     "	"CE5     "	"5                 "
14	"12:07:12"	2066.5	18.2	0.045	-245	1.57	3.35	2.3	1	4.46	27.49	26.64	27.46	421.07	412.39	0.882	1.605	2.31	4.21	499.6	399	0	96.57	-8.64	0.13	0.7	111115	"FR11    "	"FR11    "	"5                 "
15	"12:08:43"	2157.5	21	0.0556	-207	1.93	3.33	2.3	1	4.46	27.54	26.62	27.51	420.96	410.91	0.891	1.778	2.33	4.65	499.7	399	1	96.56	-8.64	0.13	1.0	111115	"OP2     "	"OP2     "	"5                 "
16	"12:10:09"	2243.5	16.2	0.0384	-272	1.38	3.43	2.3	1	4.46	27.59	27.00	27.55	420.56	412.83	0.910	1.544	2.37	4.03	499.8	401	1	96.59	-8.64	0.13	0.7	111115	"FR6     "	"FR6     "	"5                 "
17	"12:11:45"	2339.5	8.28	0.0267	-92.9	0.965	3.45	2.3	1	4.46	27.63	26.99	27.59	419.86	415.86	0.919	1.363	2.39	3.54	499.6	400	1	96.56	-8.64	0.13	0.7	111115	"PI3     "	"PI3     "	"4                 "
18	"12:13:11"	2425.5	24.5	0.128	79	4.19	3.2	2.3	1	4.46	27.66	26.50	27.64	418.65	406.58	0.937	2.862	2.43	7.43	499.7	400	1	96.6	-8.64	0.13	0.7	111115	"CE10    "	"CE10    "	"4                 "
19	"12:14:15"	2489.5	14.4	0.0753	88.2	2.56	3.28	2.3	1	4.46	27.68	26.53	27.66	419.56	412.45	0.944	2.122	2.45	5.50	499.6	400	1	96.56	-8.64	0.13	0.7	111115	"CE11    "	"CE11    "	"4                 "
20	"12:15:37"	2570.5	23.4	0.0339	-696	1.23	3.45	2.3	1	4.46	27.72	27.08	27.69	419.59	408.58	0.950	1.513	2.46	3.91	499.7	400	1	96.53	-8.64	0.13	0.7	111115	"PI5     "	"PI5     "	"4                 "
21	"12:16:41"	2635.0	22.8	0.0238	-1.11E+03	0.861	3.45	2.3	1	4.46	27.74	27.02	27.72	421.10	410.46	0.960	1.356	2.48	3.50	499.6	401	0	96.53	-8.64	0.13	0.7	111115	"OP6     "	"OP6     "	"5                 "
22	"12:17:55"	2708.5	35	0.159	27.2	5.09	3.14	2.3	1	4.46	27.76	26.43	27.74	418.39	401.36	0.974	3.310	2.51	8.54	499.8	399	1	96.57	-8.64	0.13	0.7	111115	"FR8     "	"FR8     "	"5                 "
23	"12:19:14"	2788.5	24	0.0916	-29	3.16	3.33	2.3	1	4.46	27.78	26.93	27.76	419.62	407.98	0.979	2.430	2.52	6.26	499.7	399	1	96.53	-8.64	0.13	0.7	111115	"RE5     "	"RE5     "	"5                 "
24	"12:20:20"	2854.0	22.3	0.0474	-351	1.71	3.45	2.3	1	4.46	27.77	27.18	27.78	419.42	408.85	0.987	1.772	2.55	4.57	499.6	401	1	96.53	-8.64	0.13	0.7	111115	"PI2     "	"PI2     "	"5                 "
25	"12:21:38"	2932.0	32.4	0.076	-290	2.56	3.24	2.3	1	4.46	27.79	26.39	27.79	420.39	404.99	0.990	2.166	2.55	5.58	499.6	400	1	96.52	-8.64	0.13	0.7	111115	"PI21    "	"PI21    "	"2                 "
26	"12:23:02"	3016.5	28.2	0.0666	-283	2.32	3.35	2.3	1	4.46	27.81	26.83	27.80	420.40	406.96	0.994	2.060	2.56	5.30	499.6	399	0	96.51	-8.64	0.13	0.7	111115	"CE8     "	"CE8     "	"2                 "
27	"12:24:29"	3103.5	36.8	0.051	-755	1.82	3.42	2.3	1	4.46	27.84	27.07	27.82	418.76	401.46	1.000	1.836	2.57	4.71	499.6	400	1	96.5	-8.64	0.13	0.7	111115	"PI15    "	"PI15    "	"2                 "
28	"12:25:50"	3184.5	28.4	0.0753	-212	2.56	3.27	2.3	1	4.46	27.84	26.52	27.83	418.70	405.15	1.008	2.184	2.59	5.60	499.7	400	1	96.5	-8.64	0.13	0.7	111115	"CE9     "	"CE9     "	"2                 "
29	"12:27:06"	3260.5	28.6	0.0352	-886	1.27	3.44	2.3	1	4.46	27.85	27.09	27.84	420.69	407.29	1.014	1.599	2.60	4.10	499.6	399	0	96.49	-8.64	0.13	0.7	111115	"FR1     "	"FR1     "	"2                 "
30	"12:28:31"	3345.5	30.1	0.0448	-671	1.58	3.37	2.3	1	4.46	27.86	26.81	27.85	420.47	406.32	1.018	1.744	2.61	4.47	499.6	400	0	96.49	-8.64	0.13	1.0	111115	"CE3     "	"CE3     "	"2                 "
31	"12:29:55"	3429.0	33.1	0.0604	-480	2.14	3.4	2.3	1	4.46	27.87	27.08	27.86	420.48	404.86	1.025	2.010	2.63	5.15	499.7	400	1	96.49	-8.64	0.13	0.7	111115	"PI12    "	"PI12    "	"3                 "
32	"12:31:26"	3520.5	23.9	0.121	70.6	4.01	3.22	2.3	1	4.46	27.86	26.63	27.87	419.31	407.56	1.039	2.877	2.66	7.38	499.8	400	1	96.54	-8.64	0.13	0.7	111115	"RE3     "	"RE3     "	"3                 "
33	"12:32:39"	3593.5	32.4	0.0654	-400	2.27	3.33	2.3	1	4.46	27.86	26.74	27.86	418.74	403.38	1.040	2.081	2.67	5.34	499.6	400	1	96.5	-8.64	0.13	0.7	111115	"PI14    "	"PI14    "	"3                 "
34	"12:33:52"	3666.0	23.3	0.0596	-232	2.04	3.28	2.3	1	4.46	27.85	26.49	27.86	418.58	407.45	1.045	1.981	2.68	5.08	499.7	401	1	96.5	-8.64	0.13	0.7	111115	"OP8     "	"OP8     "	"3                 "
35	"12:35:04"	3738.0	18.7	0.0182	-1.21E+03	0.667	3.48	2.3	1	4.46	27.86	27.17	27.86	419.31	410.59	1.047	1.353	2.68	3.47	499.7	401	1	96.55	-8.64	0.13	0.7	111115	"PI27    "	"PI27    "	"3                 "
36	"12:36:21"	3815.0	22	0.0191	-1.41E+03	0.701	3.49	2.3	1	4.46	27.87	27.19	27.86	420.50	410.22	1.040	1.362	2.67	3.49	499.7	401	1	96.51	-8.64	0.13	0.7	111115	"PI30    "	"PI30    "	"7                 "
37	"12:37:55"	3909.0	20.9	0.238	244	7.3	3.06	2.3	1	4.46	27.84	26.52	27.86	419.27	408.26	1.050	4.396	2.70	11.29	499.8	401	1	96.56	-8.64	0.13	0.3	111115	"CE8     "	"CE8     "	"7                 "
38	"12:39:13"	3987.5	27.2	0.134	61.8	4.29	3.12	2.3	1	4.46	27.83	26.20	27.86	420.46	407.14	1.049	3.020	2.70	7.76	499.8	401	1	96.52	-8.64	0.13	0.7	111115	"CE2     "	"CE2     "	"7                 "
39	"12:41:11"	4105.0	27.2	0.337	254	8.87	2.68	2.3	1	4.46	27.79	24.98	27.84	420.39	406.21	1.044	5.108	2.69	13.15	499.7	400	0	96.51	-8.64	0.13	0.7	111115	"PI28    "	"PI28    "	"7                 "
40	"12:42:39"	4193.5	27	0.101	-39.9	3.36	3.23	2.3	1	4.46	27.78	26.53	27.82	420.48	407.42	1.040	2.584	2.68	6.66	499.7	399	1	96.51	-8.64	0.13	0.7	111115	"PI13    "	"PI13    "	"8                 "
41	"12:44:04"	4278.0	23.8	0.0824	-69	2.82	3.3	2.3	1	4.46	27.78	26.73	27.81	421.20	409.73	1.035	2.330	2.67	6.00	499.6	401	0	96.51	-8.64	0.13	0.7	111115	"OP8     "	"OP8     "	"7                 "
42	"12:45:37"	4371.5	18.9	0.0281	-667	1.01	3.43	2.3	1	4.46	27.77	26.96	27.80	418.83	409.92	1.027	1.491	2.65	3.84	499.6	401	1	96.51	-8.64	0.13	1.0	111115	"PI5     "	"PI5     "	"8                 "
43	"12:46:59"	4453.5	29.5	0.0912	-130	3.08	3.26	2.3	1	4.46	27.76	26.62	27.79	418.67	404.51	1.021	2.436	2.63	6.28	499.7	400	1	96.51	-8.64	0.13	0.7	111115	"CE3     "	"CE3     "	"10                "
44	"12:48:37"	4552.0	26.6	0.141	83.9	4.52	3.14	2.3	1	4.46	27.74	26.31	27.77	420.37	407.30	1.018	3.092	2.63	7.98	499.7	399	1	96.5	-8.64	0.13	0.7	111115	"FR11    "	"FR11    "	"10                "
45	"12:50:04"	4638.5	19.6	0.0603	-123	2.09	3.32	2.3	1	4.46	27.75	26.68	27.76	420.56	411.14	1.023	1.982	2.64	5.11	499.7	400	1	96.5	-8.64	0.13	0.7	111115	"PI10    "	"PI10    "	"10                "
46	"12:51:22"	4716.5	20.6	0.107	83	3.55	3.21	2.3	1	4.46	27.75	26.46	27.76	421.10	410.93	1.021	2.650	2.63	6.84	499.7	400	1	96.49	-8.64	0.13	0.7	111115	"OP3     "	"OP3     "	"10                "
