"OPEN 5.3.2"
"Thr Oct 28 2021 11:14:40"
"Unit="	"PSC-1342"
"ComputeList="	"/User/Configs/Comps/Default"
"BLCTable="	"/Sys/Lib/StdBLCTable"
"LightSource="	"6400-02B RedBlue #SI-1466"	1	0.16
"LogFormat="	"/User/Configs/LogFormats/horsenettle"
"LogCodes="	-35	-21	-36	30	23	36	21	25	-33	-34	-32	-9	-10	-8	-1	-2	-4	-5	-14	-15	-7	-12	-13	-11	-65	-66	-72	-23	-107	-108	-109
"PromptList="	"/User/Configs/Prompts/horsenettle prompts"
"Stability= (CO2S 15s SLP<1)(H2OS 15s SLP<1)(Flow 15s SLP<1)"
"11:14:41 "
$STARTOFDATA$
"Obs"	"HHMMSS"	"FTime"	"Photo"	"Cond"	"Ci"	"Trmmol"	"VpdL"	"Area"	"StmRat"	"BLCond"	"Tair"	"Tleaf"	"TBlk"	"CO2R"	"CO2S"	"H2OR"	"H2OS"	"RH_R"	"RH_S"	"Flow"	"PARi"	"PARo"	"Press"	"CsMch"	"HsMch"	"StableF"	"Status"	"ID"	"Block"	"Ramet"
1	"11:22:28"	489.5	5.86	0.0476	204	1.35	2.76	2.3	1	4.46	23.41	23.18	23.19	419.99	417.03	0.259	0.881	0.88	2.98	499.9	399	1	97.67	-8.8	0.0808	0.7	111115	"PI13    "	"20                "	"d                                     "
2	"11:25:51"	692.5	12.3	0.0984	197	2.69	2.68	2.3	1	4.46	23.78	23.09	23.63	420.02	413.87	0.321	1.556	1.06	5.14	499.7	400	1	97.67	-8.8	0.0808	1.0	111115	"OP1     "	"20                "	"d                                     "
3	"11:27:38"	799.0	7.76	0.0653	209	1.84	2.75	2.3	1	4.46	23.85	23.24	23.74	419.91	415.99	0.329	1.174	1.08	3.86	499.7	400	1	97.67	-8.8	0.0808	1.0	111115	"PI2     "	"20                "	"d                                     "
4	"11:29:54"	935.5	6.34	0.0261	15.8	0.772	2.87	2.3	1	4.46	23.98	23.66	23.87	420.09	417.03	0.337	0.693	1.10	2.26	499.7	400	0	97.68	-8.8	0.0808	1.0	111115	"PI10    "	"20                "	"d                                     "
5	"11:31:20"	1021.5	7.66	0.0357	59.1	1.06	2.87	2.3	1	4.46	24.09	23.75	23.98	420.10	416.37	0.350	0.835	1.13	2.71	499.8	400	0	97.69	-8.8	0.0808	1.0	111115	"OP6     "	"20                "	"d                                     "
6	"11:35:20"	1261.5	9.02	0.0753	207	2.17	2.82	2.3	1	4.46	24.35	23.76	24.26	420.12	415.56	0.385	1.382	1.23	4.41	499.8	400	0	97.7	-8.8	0.0808	1.0	111115	"OP2     "	"20                "	"d                                     "
7	"11:37:31"	1392.0	5.01	0.025	83.2	0.76	2.94	2.3	1	4.46	24.45	24.09	24.37	420.15	417.70	0.410	0.759	1.30	2.41	499.7	399	1	97.69	-8.8	0.0808	1.0	111115	"OP8     "	"14                "	"c                                     "
8	"11:39:27"	1509.0	8.85	0.0441	80	1.33	2.92	2.3	1	4.46	24.60	24.16	24.51	420.16	415.84	0.441	1.051	1.39	3.31	499.9	399	1	97.69	-8.8	0.0808	1.0	111115	"PI30    "	"13                "	"c                                     "
9	"11:41:14"	1616.0	11.1	0.0451	6.61	1.38	2.96	2.3	1	4.46	24.79	24.42	24.68	420.20	414.81	0.484	1.117	1.50	3.47	499.7	401	1	97.7	-8.8	0.0808	1.0	111115	"FR12    "	"13                "	"c                                     "
10	"11:43:17"	1739.0	36.6	0.282	171	7.11	2.57	2.3	1	4.46	25.01	23.70	24.90	420.18	402.01	0.543	3.801	1.67	11.68	499.7	401	0	97.7	-8.8	0.0808	0.7	111115	"CE7b    "	"13                "	"c                                     "
11	"11:45:38"	1880.0	7.44	0.0424	120	1.31	2.99	2.3	1	4.46	25.10	24.62	25.02	420.21	416.54	0.586	1.188	1.79	3.63	499.7	400	1	97.7	-8.8	0.0808	1.0	111115	"FR2     "	"14                "	"c                                     "
12	"11:48:45"	2066.5	3.28	0.0185	119	0.584	3.06	2.3	1	4.46	25.22	24.80	25.15	420.16	418.53	0.618	0.887	1.88	2.69	499.7	385	1	97.71	-8.8	0.0808	1.0	111115	"PI18    "	"14                "	"c                                     "
13	"11:50:34"	2175.5	12.5	0.0421	-75.2	1.28	2.95	2.3	1	4.46	25.13	24.41	25.10	420.00	413.99	0.627	1.216	1.91	3.71	499.7	693	1	97.71	-8.8	0.0808	0.7	111115	"PI18    "	"14                "	"c                                     "
14	"11:52:09"	2270.5	-0.681	0.108	411	2.98	2.72	2.3	1	4.46	25.05	23.54	25.03	420.15	419.89	0.630	1.997	1.93	6.12	499.9	-0	1	97.72	-8.8	0.0808	1.0	111115	"CE4     "	"21                "	"e                                     "
15	"11:55:55"	2497.0	0.599	0.105	391	3.06	2.87	2.3	1	4.46	25.19	24.40	25.15	420.47	419.60	0.586	1.991	1.78	6.05	499.8	0	1	97.72	-8.8	0.0808	1.0	111115	"FR12    "	"21                "	"e                                     "
16	"12:01:58"	2860.0	-0.734	0.0219	453	0.679	3	2.3	1	4.46	25.38	24.54	25.35	420.44	420.64	0.653	0.965	1.96	2.90	499.7	0	1	97.73	-8.8	0.0808	1.0	111115	"PI27    "	"21                "	"e                                     "
17	"12:12:25"	3487.0	7.15	0.0285	1.35	0.898	3.05	2.3	1	4.46	25.33	24.85	25.28	419.54	416.07	0.633	1.046	1.91	3.15	499.7	400	0	97.74	-9.26	0.11	1.0	111115	"PI21    "	"21                "	"e                                     "
18	"12:14:15"	3597.5	2.2	0.0203	228	0.651	3.09	2.3	1	4.46	25.37	24.99	25.33	419.51	418.37	0.630	0.929	1.89	2.79	499.8	401	1	97.74	-9.26	0.11	1.0	111115	"PI27    "	"21                "	"e                                     "
19	"12:17:12"	3774.5	16.5	0.0731	34.2	2.24	2.99	2.3	1	4.46	25.57	24.85	25.50	419.49	411.47	0.656	1.684	1.95	5.00	499.7	399	1	97.74	-9.26	0.11	0.7	111115	"CE7a    "	"21                "	"e                                     "
20	"12:19:15"	3897.5	4.85	0.0269	114	0.865	3.1	2.3	1	4.46	25.58	25.15	25.53	419.38	416.99	0.664	1.062	1.97	3.15	499.7	401	1	97.74	-9.26	0.11	1.0	111115	"PI18    "	"21                "	"e                                     "
21	"12:21:50"	4052.0	9.96	0.0528	96.5	1.65	3.04	2.3	1	4.46	25.61	24.97	25.56	419.06	414.16	0.647	1.405	1.92	4.17	499.7	401	1	97.75	-9.26	0.11	1.0	111115	"FR1     "	"15                "	"c                                     "
22	"12:24:36"	4218.0	14.8	0.0703	58.9	2.15	2.98	2.3	1	4.46	25.47	24.80	25.46	419.27	412.05	0.626	1.614	1.87	4.82	499.7	401	1	97.76	-9.26	0.11	0.7	111115	"PI9     "	"15                "	"c                                     "
23	"12:26:26"	4328.0	7.1	0.293	358	7.12	2.49	2.3	1	4.46	25.35	23.27	25.36	419.17	414.54	0.609	3.873	1.83	11.66	499.7	399	1	97.76	-9.26	0.11	1.0	111115	"RE3     "	"15                "	"c                                     "
24	"12:28:16"	4438.0	5.91	0.0358	136	1.13	3.06	2.3	1	4.46	25.42	24.95	25.39	419.27	416.33	0.597	1.117	1.79	3.35	499.7	401	1	97.76	-9.26	0.11	1.0	111115	"FR6     "	"15                "	"c                                     "
25	"12:29:54"	4536.5	12.2	0.104	206	3.09	2.91	2.3	1	4.46	25.51	24.63	25.47	419.26	413.03	0.601	2.019	1.79	6.02	499.7	425	0	97.76	-9.26	0.11	0.7	111115	"CE1     "	"15                "	"c                                     "
26	"12:32:05"	4667.0	11.8	0.0591	78.8	1.84	3.04	2.3	1	4.46	25.55	24.99	25.51	419.22	413.45	0.605	1.452	1.80	4.32	499.7	408	1	97.77	-9.26	0.11	1.0	111115	"PI2     "	"15                "	"c                                     "
27	"12:35:40"	4882.5	6.34	0.0457	177	1.43	3.04	2.3	1	4.46	25.58	24.90	25.55	419.20	416.00	0.613	1.269	1.82	3.77	499.7	401	1	97.77	-9.26	0.11	1.0	111115	"PI5     "	"15                "	"c                                     "
