"OPEN 5.3.2"
"Sun Oct 10 2021 10:15:04"
"Unit="	"PSC-1342"
"ComputeList="	"/User/Configs/Comps/Default"
"BLCTable="	"/Sys/Lib/StdBLCTable"
"LightSource="	"6400-02B RedBlue #SI-1466"	1	0.16
"LogFormat="	"/User/Configs/LogFormats/horsenettle"
"LogCodes="	-35	-21	-36	30	23	36	21	25	-33	-34	-32	-9	-10	-8	-1	-2	-4	-5	-14	-15	-7	-12	-13	-11	-65	-66	-72	-23	-107	-108	-109
"PromptList="	"/User/Configs/Prompts/horsenettle prompts"
"Stability= (CO2S 15s SLP<1)(H2OS 15s SLP<1)(Flow 15s SLP<1)"
"10:15:06 "
$STARTOFDATA$
"Obs"	"HHMMSS"	"FTime"	"Photo"	"Cond"	"Ci"	"Trmmol"	"VpdL"	"Area"	"StmRat"	"BLCond"	"Tair"	"Tleaf"	"TBlk"	"CO2R"	"CO2S"	"H2OR"	"H2OS"	"RH_R"	"RH_S"	"Flow"	"PARi"	"PARo"	"Press"	"CsMch"	"HsMch"	"StableF"	"Status"	"ID"	"Block"	"Ramet"
1	"10:15:11"	23.5	16.8	0.0631	-27.7	2	3.04	2.3	1	4.46	25.27	24.87	25.08	420.88	412.78	0.327	1.246	0.97	3.71	499.7	400	1	96.11	-8.78	0.194	1.0	111115	"PI27    "	"8                 "	"b                                     "
2	"10:17:00"	132.5	17.8	0.0641	-49	2.04	3.06	2.3	1	4.46	25.54	25.05	25.37	419.29	410.70	0.446	1.386	1.31	4.06	499.7	400	1	96.11	-8.78	0.194	0.7	111115	"PI14    "	"8                 "	"b                                     "
3	"10:18:58"	250.5	12.9	0.106	201	3.31	3.01	2.3	1	4.46	25.79	25.18	25.64	420.18	413.62	0.587	2.109	1.69	6.08	499.7	399	1	96.11	-8.78	0.194	0.7	111115	"FR2     "	"10                "	"b                                     "
4	"10:20:39"	351.5	13.1	0.0429	-87.4	1.43	3.17	2.3	1	4.46	26.00	25.64	25.86	420.17	413.87	0.712	1.369	2.03	3.90	499.7	399	1	96.11	-8.78	0.194	1.0	111115	"OP5     "	"10                "	"b                                     "
5	"10:22:13"	445.0	5.53	0.0672	266	2.2	3.14	2.3	1	4.46	26.18	25.72	26.05	420.17	417.20	0.826	1.838	2.33	5.18	499.7	400	0	96.11	-8.78	0.194	0.7	111115	"FR10    "	"10                "	"b                                     "
6	"10:23:31"	523.0	15.4	0.0934	129	2.99	3.08	2.3	1	4.46	26.32	25.63	26.20	420.18	412.50	0.912	2.284	2.55	6.38	499.6	401	0	96.11	-8.78	0.194	0.7	111115	"OP9     "	"10                "	"b                                     "
7	"10:25:02"	614.0	17.5	0.0864	69.7	2.79	3.1	2.3	1	4.46	26.47	25.74	26.36	420.24	411.66	1.008	2.288	2.79	6.34	499.6	400	0	96.11	-8.78	0.194	1.0	111115	"CE8     "	"16                "	"d                                     "
8	"10:27:23"	755.5	3.74	0.0327	215	1.12	3.25	2.3	1	4.46	26.69	26.20	26.59	418.55	416.61	1.148	1.662	3.14	4.54	499.7	399	1	96.11	-8.78	0.194	0.7	111115	"FR2     "	"16                "	"d                                     "
9	"10:28:59"	851.0	23.1	0.128	101	4.05	3.06	2.3	1	4.46	26.82	25.92	26.73	420.25	408.84	1.236	3.097	3.35	8.40	499.6	401	1	96.11	-8.78	0.194	0.7	111115	"CE6     "	"16                "	"d                                     "
10	"10:30:16"	928.0	15.6	0.0596	-21.3	2.01	3.22	2.3	1	4.46	26.92	26.31	26.83	420.32	412.76	1.300	2.222	3.51	6.00	499.6	399	1	96.1	-8.78	0.194	0.7	111115	"PI25    "	"16                "	"d                                     "
11	"10:31:58"	1030.0	21	0.136	142	4.24	3.04	2.3	1	4.46	27.04	25.90	26.96	420.25	409.80	1.383	3.329	3.71	8.92	499.6	400	0	96.1	-8.78	0.194	1.0	111115	"CE4     "	"4                 "	"a                                     "
12	"10:33:38"	1130.0	24.6	0.106	18.8	3.48	3.16	2.3	1	4.46	27.17	26.39	27.09	420.26	408.26	1.469	3.068	3.91	8.15	499.6	401	1	96.1	-8.78	0.194	1.0	111115	"PI13    "	"4                 "	"a                                     "
13	"10:35:07"	1219.5	19.1	0.0645	-77.2	2.19	3.24	2.3	1	4.46	27.28	26.56	27.20	420.35	411.15	1.537	2.543	4.06	6.72	499.7	401	0	96.1	-8.78	0.194	1.0	111115	"PI19    "	"4                 "	"a                                     "
14	"10:37:34"	1366.5	30.7	0.116	-37.5	3.79	3.16	2.3	1	4.46	27.42	26.54	27.36	420.36	405.53	1.626	3.362	4.26	8.81	499.7	400	1	96.1	-8.78	0.194	1.0	111115	"OP9     "	"4                 "	"a                                     "
15	"10:39:28"	1480.0	30.5	0.19	125	5.82	3.01	2.3	1	4.46	27.52	26.29	27.46	420.32	405.21	1.682	4.349	4.38	11.33	499.7	400	1	96.11	-8.78	0.194	0.7	111115	"PI18    "	"4                 "	"a                                     "
16	"10:41:06"	1578.0	33.1	0.126	-36.9	4.05	3.12	2.3	1	4.46	27.59	26.47	27.54	420.32	404.34	1.732	3.590	4.49	9.31	499.6	400	1	96.11	-8.78	0.194	0.7	111115	"OP7     "	"4                 "	"a                                     "
17	"10:42:41"	1674.0	25.2	0.0976	-24.5	3.27	3.23	2.3	1	4.46	27.66	26.82	27.62	418.67	406.46	1.782	3.283	4.60	8.48	499.7	399	1	96.11	-8.78	0.194	0.7	111115	"PI11    "	"4                 "	"a                                     "
18	"10:44:34"	1786.0	26.6	0.0543	-388	1.91	3.35	2.3	1	4.46	27.76	27.15	27.72	418.56	405.94	1.822	2.698	4.68	6.93	499.7	399	1	96.11	-8.78	0.194	1.0	111115	"PI25    "	"3                 "	"a                                     "
19	"10:46:12"	1884.5	24.8	0.137	96.9	4.48	3.18	2.3	1	4.46	27.83	26.89	27.79	421.10	408.83	1.855	3.907	4.74	9.99	499.7	401	0	96.11	-8.78	0.194	0.7	111115	"CE7a    "	"3                 "	"a                                     "
20	"10:47:48"	1980.5	33.1	0.0891	-204	3.05	3.29	2.3	1	4.46	27.91	27.10	27.87	421.15	405.36	1.877	3.276	4.78	8.34	499.7	399	0	96.11	-8.78	0.194	0.7	111115	"PI30    "	"3                 "	"a                                     "
21	"10:49:34"	2087.0	27.8	0.132	47.4	4.27	3.15	2.3	1	4.46	27.96	26.71	27.94	420.31	406.70	1.901	3.859	4.83	9.79	499.6	400	1	96.11	-8.78	0.194	1.0	111115	"CE2     "	"16                "	"d                                     "
22	"10:51:58"	2231.0	35.3	0.126	-63.9	4.13	3.17	2.3	1	4.46	28.02	26.78	28.00	420.34	403.33	1.929	3.821	4.88	9.67	499.6	400	0	96.11	-8.78	0.194	0.7	111115	"PI30    "	"16                "	"d                                     "
23	"10:56:34"	2507.0	27.6	0.125	33.2	4.09	3.17	2.3	1	4.46	28.10	26.84	28.09	420.40	406.94	2.006	3.881	5.05	9.77	499.7	400	0	96.11	-1.76	0.329	0.7	111115	"PI21    "	"17                "	"d                                     "
24	"10:58:32"	2624.5	20.3	0.159	185	5.01	3.07	2.3	1	4.46	28.12	26.53	28.12	420.33	410.05	2.040	4.336	5.13	10.91	499.7	400	1	96.12	-1.76	0.329	0.7	111115	"CE11    "	"17                "	"d                                     "
25	"11:00:45"	2757.5	16.7	0.116	161	3.86	3.21	2.3	1	4.46	28.15	27.01	28.15	420.38	411.98	2.058	3.827	5.17	9.61	499.7	398	1	96.12	-1.76	0.329	0.7	111115	"PI19    "	"17                "	"d                                     "
26	"11:02:18"	2851.0	13.1	0.135	237	4.27	3.07	2.3	1	4.46	28.16	26.41	28.16	420.38	413.53	2.069	4.026	5.19	10.11	499.6	417	1	96.12	-1.76	0.329	0.7	111115	"PI11    "	"17                "	"d                                     "
27	"11:04:16"	2968.5	22	0.179	190	5.58	3.06	2.3	1	4.46	28.19	26.64	28.19	420.47	409.27	2.094	4.651	5.25	11.65	499.7	401	1	96.12	-1.76	0.329	0.7	111115	"CE7b    "	"18                "	"d                                     "
28	"11:06:02"	3074.5	22.8	0.2	204	5.95	2.93	2.3	1	4.46	28.20	26.13	28.21	420.47	408.87	2.122	4.849	5.31	12.14	499.7	400	1	96.12	-1.76	0.329	0.7	111115	"FR8     "	"18                "	"d                                     "
29	"11:08:17"	3209.5	21.7	0.202	215	6.26	3.04	2.3	1	4.46	28.21	26.74	28.22	420.37	409.19	2.151	5.019	5.38	12.56	499.7	399	1	96.12	-1.76	0.329	0.7	111115	"CE10    "	"18                "	"d                                     "
30	"11:12:06"	3439.0	6.37	0.0293	53.2	1.06	3.44	2.3	1	4.46	28.25	27.56	28.25	420.41	417.27	2.178	2.666	5.44	6.65	499.6	400	1	96.12	-1.76	0.329	1.0	111115	"PI9     "	"18                "	"d                                     "
31	"11:14:56"	3609.0	18.5	0.155	199	4.96	3.11	2.3	1	4.46	28.27	26.82	28.28	420.41	410.96	2.211	4.484	5.51	11.18	499.7	399	1	96.12	-1.76	0.329	0.7	111115	"CE6     "	"5                 "	"a                                     "
32	"11:17:58"	3791.0	22.3	0.127	108	4.19	3.19	2.3	1	4.46	28.28	27.06	28.29	420.33	409.30	2.228	4.147	5.55	10.33	499.7	400	0	96.12	-1.76	0.329	0.7	111115	"FR10    "	"5                 "	"a                                     "
33	"11:20:23"	3936.0	15.9	0.0854	95.4	2.92	3.28	2.3	1	4.46	28.30	27.21	28.30	420.17	412.30	2.238	3.576	5.57	8.90	499.7	401	1	96.12	-1.76	0.329	0.7	111115	"CE5     "	"5                 "	"a                                     "
34	"11:22:32"	4064.5	22.5	0.183	190	5.7	3.05	2.3	1	4.46	28.28	26.69	28.29	420.27	408.83	2.243	4.853	5.59	12.09	499.7	401	1	96.12	-1.76	0.329	0.7	111115	"FR11    "	"5                 "	"a                                     "
35	"11:25:21"	4233.5	11.1	0.064	118	2.25	3.36	2.3	1	4.46	28.30	27.45	28.30	420.23	414.68	2.253	3.287	5.61	8.18	499.6	399	1	96.12	-1.76	0.329	1.0	111115	"OP2     "	"5                 "	"a                                     "
36	"11:27:24"	4357.0	17.5	0.106	126	3.52	3.21	2.3	1	4.46	28.31	27.02	28.32	420.13	411.40	2.268	3.883	5.64	9.66	499.7	400	0	96.12	-1.76	0.329	0.7	111115	"OP2     "	"5                 "	"a                                     "
37	"11:29:32"	4484.5	5.91	0.167	338	5.26	3.07	2.3	1	4.46	28.26	26.72	28.29	420.07	416.34	2.280	4.690	5.69	11.70	499.7	400	1	96.12	-1.76	0.329	0.7	111115	"FR6     "	"5                 "	"a                                     "
38	"11:32:01"	4634.0	22.6	0.189	195	5.8	3.01	2.3	1	4.46	28.27	26.55	28.28	420.05	408.55	2.279	4.935	5.68	12.31	499.7	401	1	96.12	-1.76	0.329	0.7	111115	"CE10    "	"4                 "	"a                                     "
39	"11:34:39"	4791.5	15	0.102	157	3.4	3.22	2.3	1	4.46	28.26	27.04	28.28	420.00	412.47	2.292	3.853	5.72	9.61	499.7	400	1	96.12	-1.76	0.329	0.7	111115	"PI3     "	"4                 "	"a                                     "
40	"11:36:34"	4906.5	21.4	0.167	182	5.28	3.09	2.3	1	4.46	28.25	26.82	28.27	419.96	409.11	2.284	4.701	5.70	11.74	499.6	400	1	96.12	-1.76	0.329	0.7	111115	"PI5     "	"4                 "	"a                                     "
41	"11:38:59"	5051.5	16.5	0.103	136	3.43	3.21	2.3	1	4.46	28.26	26.99	28.27	419.94	411.70	2.291	3.864	5.72	9.64	499.7	401	1	96.12	-1.76	0.329	0.7	111115	"CE11    "	"4                 "	"a                                     "
42	"11:41:39"	5212.0	25.4	0.238	213	7.01	2.92	2.3	1	4.46	28.22	26.36	28.25	419.89	406.88	2.299	5.506	5.75	13.77	499.6	400	1	96.12	-1.76	0.329	0.7	111115	"FR8     "	"5                 "	"a                                     "
43	"11:44:24"	5377.0	12.9	0.161	264	4.96	3	2.3	1	4.46	28.19	26.34	28.23	419.76	412.89	2.306	4.579	5.77	11.47	499.7	400	0	96.12	-1.76	0.329	0.7	111115	"OP6     "	"5                 "	"a                                     "
44	"11:46:06"	5479.0	18.8	0.11	117	3.66	3.21	2.3	1	4.46	28.21	27.05	28.24	419.65	410.30	2.315	3.992	5.79	9.99	499.7	399	0	96.12	-1.76	0.329	0.7	111115	"OP6     "	"5                 "	"a                                     "
45	"11:48:47"	5640.0	12.6	0.135	243	4.39	3.15	2.3	1	4.46	28.24	26.91	28.26	419.69	413.06	2.306	4.318	5.76	10.78	499.6	401	1	96.11	-1.76	0.329	0.7	111115	"RE5     "	"5                 "	"a                                     "
46	"11:51:10"	5783.0	12.9	0.0639	73.3	2.25	3.36	2.3	1	4.46	28.28	27.46	28.28	419.67	413.32	2.296	3.327	5.72	8.29	499.6	399	1	96.11	-1.76	0.329	1.0	111115	"PI2     "	"5                 "	"a                                     "
47	"11:52:56"	5889.0	17.2	0.161	218	5.14	3.12	2.3	1	4.46	28.28	26.95	28.29	419.66	410.79	2.297	4.654	5.73	11.60	499.8	401	1	96.11	-1.76	0.329	0.7	111115	"PI2     "	"5                 "	"a                                     "
