OPEN 5.3.2																														
Thr Sep  9 2021 15:00:24																														
Unit=	PSC-1342																													
ComputeList=	/User/Configs/Comps/Default																													
BLCTable=	/Sys/Lib/StdBLCTable																													
LightSource=	6400-02B RedBlue #SI-1466	1	0.16																											
LogFormat=	/User/Configs/LogFormats/Std Output																													
LogCodes=	-35	-21	-36	30	23	36	21	25	-33	-34	-32	-9	-10	-8	-1	-2	-4	-5	-14	-15	-7	-12	-13	-11	-65	-66	-72	-23		
PromptList=	/User/Configs/Prompts/Default (none)																													
Stability= (CO2S 15s SLP<1)(H2OS 15s SLP<1)(Flow 15s SLP<1)																														
15:00:43 round 1																														
$STARTOFDATA$																														
Obs	HHMMSS	FTime	Photo	Cond	Ci	Trmmol	VpdL	Area	StmRat	BLCond	Tair	Tleaf	TBlk	CO2R	CO2S	H2OR	H2OS	RH_R	RH_S	Flow	PARi	PARo	Press	CsMch	HsMch	StableF	Status			
1	15:06:21	424.5	123	1.93	197	13.2	0.934	2.3	1	4.46	25.77	24.57	25.65	399.15	340.62	16.13	22.054	47.55	65.01	499.7	400	140	98.14	0	0	0.7	111115	a       	a       	1
2	15:06:43	446.5	123	1.97	199	13.4	0.933	2.3	1	4.46	25.84	24.63	25.72	398.96	340.29	16.158	22.176	47.43	65.1	499.7	400	137	98.14	0	0	1	111115	x       	x       	x                 
3	15:09:58	641.5	124	2.18	207	14.5	0.945	2.3	1	4.46	26.38	25.05	26.28	399.57	340.23	16.339	22.861	46.46	65	499.7	400	119	98.15	0	0	1	111115	a       	a       	1
4	15:13:05	828	123	2.07	202	15.7	1.06	2.3	1	4.46	26.84	25.93	26.78	399.2	340.08	16.432	23.473	45.48	64.97	499.7	399	139	98.14	0	0	1	111115	a       	a       	2
5	15:15:35	978	125	2.07	199	15.2	1.02	2.3	1	4.46	27.13	25.67	27.11	398.95	338.94	16.469	23.296	44.81	63.39	499.7	400	136	98.14	0	0	1	111115	a       	a       	1
6	15:18:30	1153	122	1.13	126	11.7	1.24	2.3	1	4.46	27.36	25.98	27.37	398.73	340.82	16.497	21.757	44.28	58.4	499.7	399	52	98.14	0	0	1	111115	OP1     	OP1     	1
7	15:21:49	1352.5	125	1.61	172	14.4	1.16	2.3	1	4.46	27.99	26.25	27.98	399.06	339.19	16.589	23.076	42.91	59.7	499.7	400	112	98.13	0	0	0.7	111115	a       	a       	1
8	15:24:27	1510	131	1.83	176	15.4	1.13	2.3	1	4.46	28.27	26.33	28.27	398.78	336.09	16.623	23.543	42.31	59.93	499.7	400	127	98.13	0	0	0.7	111115	a       	a       	2
9	15:27:05	1668.5	125	1.21	131	13.5	1.34	2.3	1	4.46	28.46	26.96	28.47	398.73	339.09	16.638	22.694	41.9	57.14	499.7	399	154	98.12	0	0	1	111115	a       	a       	1
10	15:29:52	1835	112	1.14	148	13.6	1.43	2.3	1	4.46	28.55	27.39	28.59	398.73	345.02	16.611	22.749	41.59	56.95	499.7	400	131	98.12	0	0	0.7	111115	a       	a       	2
11	15:34:41	2124.5	126	2	194	15.8	1.09	2.3	1	4.46	28.63	26.28	28.69	398.68	338.16	16.752	23.846	41.75	59.44	499.7	401	30	98.11	0	0	0.7	111115	a       	a       	2
12	15:40:09	2452.5	116	0.885	93.9	11.6	1.49	2.3	1	4.46	28.32	27.33	28.39	399.95	344.69	16.749	21.968	42.51	55.76	499.7	400	98	98.11	0	0	1	111115	PI14    	PI14    	3
13	15:42:16	2580	122	1.76	188	14.6	1.1	2.3	1	4.46	28.34	26.06	28.42	399.99	341.46	16.732	23.294	42.41	59.04	499.6	399	106	98.11	0	0	0.7	111115	OP8     	OP8     	3
