"OPEN 5.3.2"
"Wed Nov  3 2021 11:13:35"
"Unit="	"PSC-1342"
"ComputeList="	"/User/Configs/Comps/Default"
"BLCTable="	"/Sys/Lib/StdBLCTable"
"LightSource="	"6400-02B RedBlue #SI-1466"	1	0.16
"LogFormat="	"/User/Configs/LogFormats/horsenettle"
"LogCodes="	-35	-21	-36	30	23	36	21	25	-33	-34	-32	-9	-10	-8	-1	-2	-4	-5	-14	-15	-7	-12	-13	-11	-65	-66	-72	-23	-107	-108	-109
"PromptList="	"/User/Configs/Prompts/horsenettle prompts"
"Stability= (CO2S 15s SLP<1)(H2OS 15s SLP<1)(Flow 15s SLP<1)"
"11:13:37 "
$STARTOFDATA$
"Obs"	"HHMMSS"	"FTime"	"Photo"	"Cond"	"Ci"	"Trmmol"	"VpdL"	"Area"	"StmRat"	"BLCond"	"Tair"	"Tleaf"	"TBlk"	"CO2R"	"CO2S"	"H2OR"	"H2OS"	"RH_R"	"RH_S"	"Flow"	"PARi"	"PARo"	"Press"	"CsMch"	"HsMch"	"StableF"	"Status"	"ID"	"Block"	"Ramet"
1	"11:27:29"	878.0	5.97	0.0223	-20.4	0.547	2.42	2.3	1	4.46	20.68	20.65	20.46	420.61	417.76	0.022	0.274	0.09	1.11	499.7	399	1	99.19	-9.31	0.104	1.0	111115	"OP7     "	"20                "	"d                                     "
2	"11:29:38"	1007.0	29.2	0.263	209	5.34	2.1	2.3	1	4.46	20.95	20.03	20.79	420.59	406.15	0.038	2.489	0.15	9.92	499.8	400	1	99.19	-9.31	0.104	1.0	111115	"PL4     "	"19                "	"d                                     "
3	"11:31:58"	1146.5	20.1	0.163	196	3.61	2.25	2.3	1	4.46	21.11	20.46	20.99	420.66	410.71	0.044	1.700	0.17	6.71	499.9	401	1	99.2	-9.31	0.104	1.0	111115	"PI18    "	"20                "	"d                                     "
4	"11:36:08"	1396.5	27.6	0.184	149	3.82	2.12	2.3	1	4.46	20.72	19.66	20.71	420.54	407.14	0.011	1.768	0.04	7.15	499.8	399	1	99.19	-9.31	0.104	1.0	111115	"PI27    "	"19                "	"d                                     "
5	"11:38:55"	1564.0	24.9	0.241	225	4.8	2.06	2.3	1	4.46	20.77	19.50	20.74	420.69	408.35	-0.004	2.198	-0.02	8.86	499.8	401	0	99.19	-9.31	0.104	0.7	111115	"CE5     "	"19                "	"d                                     "
6	"11:41:43"	1731.5	17.7	0.21	260	4.31	2.11	2.3	1	4.46	20.85	19.68	20.81	420.80	411.85	-0.014	1.965	-0.06	7.88	499.8	399	1	99.19	-9.31	0.104	1.0	111115	"CE7a    "	"19                "	"d                                     "
7	"11:43:22"	1831.5	6.86	0.0402	132	0.964	2.37	2.3	1	4.46	20.92	20.45	20.86	420.90	417.56	-0.022	0.422	-0.09	1.68	499.7	400	1	99.19	-9.31	0.104	1.0	111115	"PI5     "	"19                "	"d                                     "
8	"11:45:48"	1977.5	37.9	0.333	199	6.25	1.97	2.3	1	4.46	20.93	19.36	20.91	420.90	402.28	-0.033	2.836	-0.13	11.32	499.8	401	1	99.19	-9.31	0.104	1.0	111115	"CE3     "	"19                "	"d                                     "
9	"11:47:54"	2103.5	11.2	0.0671	135	1.56	2.31	2.3	1	4.46	20.91	20.19	20.88	420.98	415.54	-0.048	0.668	-0.19	2.67	499.7	400	0	99.2	-9.31	0.104	1.0	111115	"FR11    "	"19                "	"d                                     "
10	"11:49:40"	2209.5	18.5	0.107	118	2.37	2.23	2.3	1	4.46	20.84	19.93	20.81	420.89	411.92	-0.061	1.029	-0.25	4.13	499.9	400	1	99.19	-9.31	0.104	0.7	111115	"PI14    "	"19                "	"d                                     "
11	"11:52:20"	2368.5	15.3	0.409	336	7.49	1.96	2.3	1	4.46	20.75	19.60	20.73	420.98	412.52	-0.082	3.352	-0.33	13.53	499.7	399	1	99.19	-9.31	0.104	1.0	111115	"RE5     "	"18                "	"d                                     "
12	"11:55:15"	2544.0	18.6	0.121	151	2.65	2.2	2.3	1	4.46	20.71	19.74	20.69	420.99	411.94	-0.101	1.118	-0.41	4.52	499.3	400	0	99.2	-9.31	0.104	0.7	111115	"FR12    "	"19                "	"d                                     "
13	"11:57:36"	2685.0	35.9	0.311	198	5.79	1.95	2.3	1	4.46	20.66	18.97	20.65	421.01	403.42	-0.118	2.541	-0.48	10.31	499.8	399	1	99.2	-9.31	0.104	0.7	111115	"CE3     "	"13                "	"c                                     "
14	"11:58:54"	2763.5	8.65	0.0411	68.5	0.952	2.29	2.3	1	4.46	20.62	19.82	20.61	420.90	416.73	-0.128	0.310	-0.52	1.26	499.8	400	1	99.2	-9.31	0.104	0.7	111115	"PI27    "	"13                "	"c                                     "
15	"12:00:37"	2866.5	6.23	0.04	156	0.933	2.31	2.3	1	4.46	20.58	19.93	20.55	421.02	417.97	-0.138	0.291	-0.56	1.19	499.7	400	1	99.2	-9.31	0.104	0.7	111115	"PI12    "	"12                "	"c                                     "
16	"12:01:51"	2940.5	12	0.0984	205	2.17	2.21	2.3	1	4.46	20.56	19.65	20.53	421.05	415.11	-0.144	0.855	-0.59	3.49	499.8	400	1	99.2	-9.31	0.104	0.7	111115	"CE9     "	"12                "	"c                                     "
17	"12:03:20"	3029.5	6.29	0.201	353	3.95	2.02	2.3	1	4.46	20.55	18.85	20.52	420.89	417.24	-0.148	1.667	-0.61	6.81	499.8	400	1	99.19	-9.31	0.104	0.7	111115	"PI1     "	"12                "	"c                                     "
18	"12:04:45"	3114.5	5.61	0.0474	215	1.08	2.26	2.3	1	4.46	20.54	19.67	20.51	421.06	418.27	-0.152	0.346	-0.62	1.41	499.8	400	1	99.2	-9.31	0.104	0.7	111115	"OP5     "	"12                "	"c                                     "
19	"12:06:29"	3218.5	28.2	0.314	245	5.92	1.98	2.3	1	4.46	20.52	19.18	20.50	421.28	407.21	-0.160	2.559	-0.65	10.48	499.8	399	1	99.19	-9.31	0.104	0.7	111115	"RE5     "	"12                "	"c                                     "
20	"12:07:59"	3308.5	5.51	0.0382	175	0.886	2.29	2.3	1	4.46	20.50	19.80	20.47	421.01	418.30	-0.163	0.245	-0.67	1.00	499.8	400	1	99.19	-9.31	0.104	0.7	111115	"PI10    "	"12                "	"c                                     "
21	"12:09:36"	3405.0	6.64	0.0352	104	0.823	2.31	2.3	1	4.46	20.48	19.89	20.44	421.03	417.81	-0.165	0.214	-0.68	0.88	499.7	400	1	99.19	-9.31	0.104	0.7	111115	"PI11    "	"12                "	"c                                     "
22	"12:10:52"	3481.5	11.7	0.069	131	1.57	2.27	2.3	1	4.46	20.45	19.85	20.42	420.97	415.31	-0.168	0.556	-0.69	2.28	499.8	401	0	99.19	-9.31	0.104	0.7	111115	"OP1     "	"12                "	"c                                     "
23	"12:12:08"	3557.5	9.09	0.0432	68.5	0.996	2.28	2.3	1	4.46	20.44	19.74	20.41	420.90	416.53	-0.172	0.286	-0.71	1.18	499.8	400	1	99.19	-9.31	0.104	0.7	111115	"PI14    "	"12                "	"c                                     "
24	"12:13:53"	3662.0	30.2	0.269	207	5.14	1.98	2.3	1	4.46	20.43	18.97	20.40	420.81	405.94	-0.178	2.184	-0.73	8.99	499.8	399	1	99.19	-9.31	0.104	0.7	111115	"CE2     "	"12                "	"c                                     "
25	"12:15:25"	3754.5	29.6	0.129	23.1	2.74	2.14	2.3	1	4.46	20.42	19.31	20.39	420.80	406.66	-0.182	1.077	-0.75	4.44	499.8	399	1	99.18	-9.31	0.104	0.7	111115	"PI18    "	"14                "	"c                                     "
26	"12:17:26"	3875.0	22.2	0.0835	-29.4	1.9	2.27	2.3	1	4.46	20.57	19.95	20.50	420.83	410.24	-0.178	0.696	-0.73	2.84	499.8	399	0	99.18	-9.31	0.104	0.7	111115	"FR2     "	"14                "	"c                                     "
27	"12:19:18"	3987.0	32.8	0.302	211	5.87	2.03	2.3	1	4.46	20.74	19.56	20.67	420.71	404.54	-0.167	2.528	-0.68	10.20	499.8	401	1	99.18	-9.31	0.104	0.7	111115	"CE7b    "	"13                "	"c                                     "
28	"12:20:42"	4071.5	26.8	0.139	81.1	3.11	2.26	2.3	1	4.46	20.92	20.29	20.82	420.81	407.87	-0.151	1.277	-0.60	5.10	499.8	399	1	99.18	-9.31	0.104	0.7	111115	"FR12    "	"13                "	"c                                     "
29	"12:23:00"	4209.5	3.53	0.0546	300	1.35	2.45	2.3	1	4.46	21.25	21.03	21.13	420.85	418.97	-0.114	0.507	-0.44	1.99	499.8	401	1	99.17	-9.31	0.104	1.0	111115	"PI30    "	"13                "	"c                                     "
30	"12:24:27"	4296.0	34.8	0.249	159	5.25	2.18	2.3	1	4.46	21.31	20.40	21.26	420.65	403.66	-0.093	2.316	-0.36	9.03	499.8	399	1	99.16	-9.31	0.104	0.7	111115	"OP8     "	"14                "	"c                                     "
31	"12:27:25"	4474.5	22.3	0.112	73.8	2.61	2.35	2.3	1	4.46	21.47	20.76	21.39	420.44	409.67	-0.061	1.140	-0.23	4.40	499.8	399	1	99.16	-9.31	0.104	0.7	111115	"OP2     "	"20                "	"d                                     "
32	"12:29:41"	4610.0	19.1	0.0905	58.2	2.09	2.31	2.3	1	4.46	21.26	20.33	21.24	420.33	411.13	-0.053	0.907	-0.21	3.54	499.7	401	0	99.16	-9.31	0.104	1.0	111115	"OP6     "	"20                "	"d                                     "
33	"12:31:03"	4692.5	8.13	0.0549	166	1.28	2.32	2.3	1	4.46	21.02	20.16	21.02	420.31	416.32	-0.059	0.531	-0.23	2.11	499.8	399	0	99.16	-9.31	0.104	0.7	111115	"PI10    "	"20                "	"d                                     "
34	"12:33:01"	4810.0	5.61	0.0646	264	1.51	2.33	2.3	1	4.46	20.93	20.32	20.90	420.26	417.39	-0.059	0.637	-0.24	2.54	499.9	399	0	99.16	-9.31	0.104	1.0	111115	"PI2     "	"20                "	"d                                     "
35	"12:34:48"	4917.0	6.68	0.0654	239	1.53	2.33	2.3	1	4.46	20.96	20.33	20.91	420.34	416.97	-0.053	0.652	-0.21	2.60	499.8	400	1	99.16	-9.31	0.104	1.0	111115	"OP1     "	"20                "	"d                                     "
36	"12:37:47"	5096.0	3.25	0.0504	301	1.19	2.34	2.3	1	4.46	20.96	20.31	20.90	420.38	418.65	-0.049	0.500	-0.20	1.99	499.8	399	1	99.16	-9.31	0.104	0.7	111115	"PI13    "	"20                "	"d                                     "
