"OPEN 5.3.2"
"Sun Oct 31 2021 11:42:41"
"Unit="	"PSC-1342"
"ComputeList="	"/User/Configs/Comps/Default"
"BLCTable="	"/Sys/Lib/StdBLCTable"
"LightSource="	"6400-02B RedBlue #SI-1466"	1	0.16
"LogFormat="	"/User/Configs/LogFormats/horsenettle"
"LogCodes="	-35	-21	-36	30	23	36	21	25	-33	-34	-32	-9	-10	-8	-1	-2	-4	-5	-14	-15	-7	-12	-13	-11	-65	-66	-72	-23	-107	-108	-109
"PromptList="	"/User/Configs/Prompts/horsenettle prompts"
"Stability= (CO2S 15s SLP<1)(H2OS 15s SLP<1)(Flow 15s SLP<1)"
"11:42:43 "
$STARTOFDATA$
"Obs"	"HHMMSS"	"FTime"	"Photo"	"Cond"	"Ci"	"Trmmol"	"VpdL"	"Area"	"StmRat"	"BLCond"	"Tair"	"Tleaf"	"TBlk"	"CO2R"	"CO2S"	"H2OR"	"H2OS"	"RH_R"	"RH_S"	"Flow"	"PARi"	"PARo"	"Press"	"CsMch"	"HsMch"	"StableF"	"Status"	"ID"	"Block"	"Ramet"
1	"11:42:45"	19.0	2.78	0.176	376	4.22	2.42	2.3	1	4.46	22.55	21.93	22.36	420.03	417.94	0.281	2.219	1.01	7.99	499.8	400	1	98.81	-8.96	0.0883	1.0	111115	"CE4     "	"21                "	"e                                     "
2	"11:44:06"	99.5	4.44	0.0719	302	1.86	2.56	2.3	1	4.46	22.67	22.14	22.50	420.03	417.63	0.305	1.160	1.09	4.15	499.9	399	1	98.81	-8.96	0.0883	1.0	111115	"FR12    "	"21                "	"e                                     "
3	"11:46:11"	224.5	11.1	0.0676	137	1.77	2.59	2.3	1	4.46	22.76	22.28	22.63	420.00	414.56	0.329	1.141	1.17	4.06	499.6	400	1	98.82	-8.96	0.0883	1.0	111115	"PI27    "	"21                "	"e                                     "
4	"11:47:48"	321.5	5.99	0.0263	40.6	0.703	2.62	2.3	1	4.46	22.68	22.21	22.59	419.88	416.99	0.335	0.659	1.20	2.35	499.7	401	1	98.83	-8.96	0.0883	1.0	111115	"PI21    "	"21                "	"e                                     "
5	"11:49:29"	423.0	17.2	0.126	176	3.02	2.41	2.3	1	4.46	22.45	21.52	22.41	419.83	411.36	0.328	1.715	1.19	6.21	499.7	399	1	98.83	-8.96	0.0883	1.0	111115	"CE7a    "	"21                "	"e                                     "
6	"11:50:38"	492.0	3.86	0.0212	114	0.557	2.58	2.3	1	4.46	22.43	21.88	22.38	419.95	418.06	0.323	0.579	1.17	2.10	499.7	401	0	98.83	-8.96	0.0883	1.0	111115	"PI18    "	"21                "	"e                                     "
7	"11:52:55"	628.5	8.22	0.0482	129	1.26	2.57	2.3	1	4.46	22.52	22.03	22.45	419.99	415.97	0.318	0.896	1.15	3.23	499.9	400	1	98.83	-8.96	0.0883	1.0	111115	"FR1     "	"15                "	"c                                     "
8	"11:54:25"	718.5	9.13	0.0851	228	2.17	2.53	2.3	1	4.46	22.59	22.02	22.51	420.05	415.44	0.317	1.312	1.14	4.72	499.9	401	1	98.83	-8.96	0.0883	0.7	111115	"PI9     "	"15                "	"c                                     "
9	"11:56:07"	821.0	7.62	0.0473	144	1.24	2.59	2.3	1	4.46	22.66	22.15	22.58	420.11	416.36	0.317	0.888	1.13	3.18	499.7	399	1	98.83	-8.96	0.0883	0.7	111115	"RE3     "	"15                "	"c                                     "
10	"11:58:09"	943.0	17	0.0868	83	2.22	2.54	2.3	1	4.46	22.74	22.14	22.67	420.13	411.88	0.310	1.332	1.10	4.74	499.7	399	0	98.83	-8.96	0.0883	0.7	111115	"FR6     "	"15                "	"c                                     "
11	"12:03:07"	1241.0	3.1	0.0252	207	0.695	2.7	2.3	1	4.46	23.07	22.69	22.97	420.48	418.92	0.316	0.636	1.10	2.22	499.8	399	1	98.82	-8.96	0.0883	1.0	111115	"CE1     "	"15                "	"c                                     "
12	"12:04:56"	1349.5	5.7	0.0205	-36.9	0.581	2.77	2.3	1	4.46	23.30	23.05	23.18	420.24	417.50	0.343	0.610	1.18	2.10	499.7	399	1	98.83	-8.96	0.0883	1.0	111115	"PI2     "	"15                "	"c                                     "
13	"12:06:49"	1462.5	5.67	0.0218	-9.26	0.63	2.82	2.3	1	4.46	23.58	23.40	23.43	420.11	417.39	0.378	0.667	1.28	2.26	499.8	401	1	98.83	-8.96	0.0883	1.0	111115	"PI5     "	"15                "	"c                                     "
14	"12:09:08"	1602.0	6.2	0.0168	-180	0.499	2.9	2.3	1	4.46	23.90	23.83	23.74	420.22	417.27	0.430	0.660	1.43	2.19	499.7	400	1	98.83	-8.96	0.0883	1.0	111115	"OP7     "	"20                "	"c                                     "
15	"12:10:33"	1686.5	44.6	0.331	158	7.48	2.36	2.3	1	4.46	23.96	22.55	23.85	419.92	398.01	0.460	3.889	1.52	12.86	499.6	401	1	98.82	-8.96	0.0883	0.3	111115	"PL4     "	"19                "	"d                                     "
16	"12:12:38"	1811.5	26	0.14	90.1	3.67	2.63	2.3	1	4.46	23.97	23.17	23.89	419.82	407.15	0.478	2.162	1.58	7.15	499.7	400	0	98.83	-8.96	0.0883	0.7	111115	"PI18    "	"20                "	"d                                     "
17	"12:14:09"	1902.5	27.7	0.152	94.9	3.92	2.6	2.3	1	4.46	23.96	23.02	23.90	419.62	406.12	0.483	2.285	1.60	7.56	499.8	399	1	98.83	-8.96	0.0883	0.7	111115	"PI27    "	"20                "	"d                                     "
18	"12:15:49"	2003.0	42.1	0.268	124	6.14	2.37	2.3	1	4.46	23.79	22.23	23.77	419.46	398.97	0.480	3.295	1.60	11.01	499.7	400	1	98.83	-8.96	0.0883	0.7	111115	"CE5     "	"20                "	"d                                     "
19	"12:18:41"	2175.0	6.38	0.0343	105	0.924	2.64	2.3	1	4.46	23.23	22.46	23.24	419.39	416.28	0.436	0.861	1.51	2.97	499.7	400	1	98.82	-8.96	0.0883	1.0	111115	"PI5     "	"19                "	"d                                     "
20	"12:20:28"	2282.0	9.91	0.0326	-81.1	0.887	2.67	2.3	1	4.46	23.18	22.57	23.18	419.43	414.71	0.412	0.819	1.43	2.84	499.8	400	1	98.82	-8.96	0.0883	1.0	111115	"PI5     "	"19                "	"d                                     "
21	"12:22:46"	2420.0	29.3	0.209	160	4.89	2.39	2.3	1	4.46	23.17	21.98	23.15	419.38	404.99	0.385	2.631	1.34	9.12	499.7	399	1	98.83	-8.96	0.0883	1.0	111115	"CE7a    "	"19                "	"d                                     "
22	"12:24:55"	2549.5	42.3	0.233	86.7	5.3	2.33	2.3	1	4.46	23.19	21.69	23.17	419.46	399.02	0.360	2.793	1.25	9.68	499.7	400	1	98.82	-8.96	0.0883	0.7	111115	"CE3     "	"19                "	"d                                     "
23	"12:28:07"	2741.0	30.4	0.205	146	4.84	2.41	2.3	1	4.46	23.16	22.04	23.14	419.37	404.46	0.323	2.545	1.12	8.83	499.7	399	1	98.82	-8.96	0.0883	1.0	111115	"FR11    "	"19                "	"d                                     "
24	"12:31:00"	2913.5	20.2	0.0794	-12	2.08	2.6	2.3	1	4.46	23.13	22.41	23.10	419.33	409.65	0.294	1.249	1.02	4.34	499.7	399	0	98.82	-8.96	0.0883	1.0	111115	"PI14    "	"19                "	"d                                     "
25	"12:33:34"	3068.5	39.7	0.249	123	5.64	2.32	2.3	1	4.46	23.14	21.71	23.11	419.72	400.40	0.273	2.860	0.95	9.94	499.7	401	1	98.83	-8.96	0.0883	1.0	111115	"RE5     "	"18                "	"d                                     "
26	"12:35:42"	3196.0	29	0.167	109	4.12	2.49	2.3	1	4.46	23.32	22.28	23.25	419.50	405.38	0.275	2.166	0.95	7.44	499.8	401	0	98.83	-8.96	0.0883	0.7	111115	"FR12    "	"19                "	"d                                     "
27	"12:39:26"	3420.5	43.3	0.323	160	7.28	2.35	2.3	1	4.46	23.72	22.36	23.62	419.42	398.16	0.315	3.655	1.06	12.26	499.7	400	1	98.84	-8.96	0.0883	1.0	111115	"CE3     "	"13                "	"c                                     "
28	"12:42:02"	3576.0	38.3	0.301	173	7.07	2.44	2.3	1	4.46	24.02	22.87	23.90	419.28	400.34	0.365	3.606	1.20	11.89	499.8	399	1	98.85	-8.96	0.0883	1.0	111115	"PI27    "	"13                "	"c                                     "
29	"12:45:07"	3761.5	6.99	0.035	82.4	1.03	2.89	2.3	1	4.46	24.23	23.88	24.12	419.31	415.89	0.416	0.889	1.35	2.89	499.7	401	1	98.84	-8.96	0.0883	1.0	111115	"PI12    "	"12                "	"c                                     "
30	"12:46:34"	3848.0	13.7	0.0934	161	2.58	2.75	2.3	1	4.46	24.21	23.51	24.13	419.12	412.33	0.418	1.606	1.36	5.23	499.7	399	1	98.84	-8.96	0.0883	0.7	111115	"CE9     "	"12                "	"c                                     "
31	"12:49:09"	4003.0	34.6	0.206	112	5.05	2.5	2.3	1	4.46	24.03	22.69	24.02	419.24	402.36	0.411	2.728	1.35	8.98	499.9	400	0	98.83	-8.96	0.0883	1.0	111115	"OP5     "	"12                "	"c                                     "
32	"12:50:44"	4098.0	21.6	0.125	115	3.31	2.65	2.3	1	4.46	23.98	23.11	23.96	418.95	408.41	0.402	1.925	1.33	6.36	499.7	401	0	98.84	-8.96	0.0883	0.7	111115	"PI1     "	"12                "	"c                                     "
33	"12:53:30"	4264.5	41.3	0.353	187	7.92	2.35	2.3	1	4.46	24.11	22.61	24.07	419.01	398.54	0.420	4.049	1.38	13.28	499.8	399	1	98.85	-8.96	0.0883	1.0	111115	"RE5     "	"12                "	"c                                     "
34	"12:55:36"	4390.0	6.51	0.046	174	1.32	2.83	2.3	1	4.46	24.22	23.66	24.15	419.07	415.82	0.442	1.052	1.44	3.43	499.7	400	1	98.85	-8.96	0.0883	1.0	111115	"PI10    "	"12                "	"c                                     "
35	"12:58:44"	4578.0	23.1	0.141	127	3.67	2.62	2.3	1	4.46	24.15	23.03	24.13	418.95	407.64	0.423	2.108	1.38	6.89	499.7	400	0	98.83	-8.96	0.0883	1.0	111115	"OP1     "	"12                "	"c                                     "
36	"13:00:36"	4690.0	4.84	0.0274	121	0.787	2.81	2.3	1	4.46	23.91	23.37	23.91	419.27	416.89	0.396	0.758	1.31	2.51	499.7	400	1	98.83	-8.96	0.0883	1.0	111115	"PI11    "	"12                "	"c                                     "
37	"13:03:25"	4859.0	39.1	0.231	109	5.29	2.34	2.3	1	4.46	23.24	21.77	23.30	420.38	401.41	0.334	2.760	1.16	9.54	499.8	399	0	98.85	-8.96	0.0883	0.7	111115	"CE2     "	"12                "	"c                                     "
38	"13:05:16"	4970.5	12.7	0.0578	48.5	1.48	2.53	2.3	1	4.46	22.87	21.83	22.94	420.62	414.47	0.285	0.966	1.01	3.41	499.7	401	1	98.84	-8.96	0.0883	1.0	111115	"PI14    "	"12                "	"c                                     "
